4 0.8939393939393939 0.6847133757961783 0.09523809523809523 0.054140127388535034
9 0.9004329004329005 0.5764331210191083 0.09956709956709957 0.05732484076433121
1 0.9219047619047619 0.18630573248407642 0.1035930735930736 0.050955414012738856
1 0.9185714285714286 0.2404140127388535 0.10151515151515152 0.042006369426751594
6 0.9162770562770562 0.30589171974522295 0.10614718614718614 0.05786624203821657
9 0.9097402597402597 0.36429936305732485 0.11151515151515153 0.0595859872611465
0 0.9078354978354979 0.41834394904458605 0.10766233766233767 0.06159235668789809
0 0.9024675324675324 0.4756050955414013 0.10307359307359307 0.06563694267515924
1 0.8999567099567098 0.6280254777070063 0.1041991341991342 0.04315286624203822
1 0.8945887445887446 0.7382165605095542 0.09961038961038962 0.040127388535031845
0 0.8896103896103896 0.7917197452229299 0.1019047619047619 0.05455414012738853
0 0.8834632034632035 0.8482802547770701 0.09883116883116883 0.05710191082802547
4 0.8829004329004329 0.9499044585987261 0.10380952380952381 0.0571656050955414