1 0.8859649122807017 0.4308510638297872 0.09210526315789473 0.04609929078014184
1 0.8859649122807017 0.5886524822695035 0.09210526315789473 0.04609929078014184
0 0.8837719298245614 0.8209219858156028 0.09210526315789473 0.04964539007092199
3 0.8837719298245614 0.7056737588652482 0.09210526315789473 0.05319148936170213
3 0.8837719298245614 0.6471631205673759 0.09210526315789473 0.05319148936170213
4 0.8859649122807017 0.31560283687943264 0.09210526315789473 0.05319148936170213
1 0.8881578947368421 0.13652482269503546 0.09210526315789473 0.04609929078014184
0 0.8837719298245614 0.7624113475177305 0.09210526315789473 0.04964539007092199
0 0.8859649122807017 0.374113475177305 0.09210526315789473 0.05319148936170213
5 0.8881578947368421 0.1950354609929078 0.09210526315789473 0.04964539007092199
0 0.8859649122807017 0.2570921985815603 0.09210526315789473 0.05319148936170213
0 0.8837719298245614 0.5319148936170213 0.09210526315789473 0.05319148936170213
4 0.8859649122807017 0.9343971631205674 0.09210526315789473 0.05319148936170213