2 0.7786561264822134 0.8653846153846154 0.05928853754940711 0.16153846153846155
9 0.650197628458498 0.8653846153846154 0.05533596837944664 0.16153846153846155
7 0.17391304347826086 0.8692307692307693 0.05533596837944664 0.16153846153846155
1 0.5869565217391305 0.8653846153846154 0.043478260869565216 0.15384615384615385
9 0.841897233201581 0.8653846153846154 0.05533596837944664 0.16153846153846155
8 0.233201581027668 0.8692307692307693 0.05533596837944664 0.16153846153846155
9 0.7154150197628458 0.8653846153846154 0.05533596837944664 0.16153846153846155
0 0.42292490118577075 0.8653846153846154 0.05533596837944664 0.16153846153846155
8 0.4881422924901186 0.8692307692307693 0.05533596837944664 0.16153846153846155
8 0.2964426877470356 0.8692307692307693 0.05138339920948617 0.16153846153846155
4 0.9031620553359684 0.8653846153846154 0.05138339920948617 0.15384615384615385
9 0.0533596837944664 0.8692307692307693 0.05533596837944664 0.16923076923076924
8 0.35968379446640314 0.8692307692307693 0.05533596837944664 0.16153846153846155