8 0.6797945205479452 0.8856209150326797 0.05136986301369863 0.1503267973856209
9 0.2876712328767123 0.8823529411764706 0.05136986301369863 0.1503267973856209
5 0.8544520547945206 0.8856209150326797 0.05136986301369863 0.1503267973856209
0 0.6215753424657534 0.8823529411764706 0.05136986301369863 0.1503267973856209
0 0.1695205479452055 0.8790849673202614 0.05136986301369863 0.1503267973856209
0 0.22945205479452055 0.8790849673202614 0.05136986301369863 0.1503267973856209
0 0.5633561643835616 0.8790849673202614 0.05136986301369863 0.1503267973856209
4 0.04794520547945205 0.8823529411764706 0.05136986301369863 0.1568627450980392
9 0.4058219178082192 0.8823529411764706 0.05136986301369863 0.1503267973856209
0 0.464041095890411 0.8790849673202614 0.05136986301369863 0.1503267973856209
1 0.7397260273972602 0.8856209150326797 0.04452054794520548 0.1503267973856209
3 0.3476027397260274 0.8790849673202614 0.05136986301369863 0.1503267973856209
3 0.797945205479452 0.8823529411764706 0.0547945205479452 0.1568627450980392