6 0.6304347826086957 0.9190140845070423 0.05314009661835749 0.11971830985915492
2 0.8671497584541062 0.9190140845070423 0.04830917874396135 0.11971830985915492
8 0.8091787439613527 0.9190140845070423 0.04830917874396135 0.11971830985915492
0 0.2777777777777778 0.9190140845070423 0.05314009661835749 0.11267605633802817
8 0.6884057971014492 0.9190140845070423 0.04830917874396135 0.11971830985915492
0 0.4613526570048309 0.9154929577464789 0.05314009661835749 0.11267605633802817
0 0.40096618357487923 0.9190140845070423 0.05314009661835749 0.11267605633802817
0 0.5676328502415459 0.9190140845070423 0.05314009661835749 0.11267605633802817
1 0.2222222222222222 0.9225352112676056 0.04830917874396135 0.11267605633802817
7 0.036231884057971016 0.926056338028169 0.04830917874396135 0.11971830985915492
4 0.33816425120772947 0.9190140845070423 0.04830917874396135 0.11267605633802817
4 0.751207729468599 0.9190140845070423 0.04830917874396135 0.11971830985915492
6 0.1570048309178744 0.9190140845070423 0.05314009661835749 0.11971830985915492