0 0.14516129032258066 0.4890909090909091 0.1774193548387097 0.05454545454545454
0 0.14112903225806453 0.1890909090909091 0.1774193548387097 0.05454545454545454
0 0.14112903225806453 0.24909090909090909 0.1774193548387097 0.05454545454545454
0 0.14516129032258066 0.5854545454545454 0.18548387096774194 0.05454545454545454
4 0.14193548387096774 0.06603636363636364 0.18185483870967742 0.0688
0 0.14951612903225805 0.30574545454545454 0.19701612903225807 0.0576
8 0.15403225806451615 0.3712 0.19798387096774195 0.07218181818181818
7 0.15403225806451615 0.43025454545454545 0.19798387096774195 0.06312727272727273
3 0.15854838709677418 0.6424727272727273 0.19903225806451613 0.06596363636363636
6 0.1560483870967742 0.7015272727272727 0.19395161290322582 0.05690909090909091
9 0.15653225806451612 0.7583272727272727 0.20306451612903226 0.06149090909090909
8 0.15403225806451615 0.8217454545454546 0.19798387096774195 0.05745454545454546
3 0.1625806451612903 0.8751272727272728 0.19096774193548388 0.0552