2 0.5894886363636364 0.8891891891891892 0.05113636363636364 0.15675675675675677
8 0.6519886363636364 0.8891891891891892 0.05397727272727273 0.15135135135135136
2 0.7741477272727273 0.8945945945945946 0.05397727272727273 0.15675675675675677
9 0.4247159090909091 0.8810810810810811 0.05397727272727273 0.15135135135135136
0 0.17755681818181818 0.8756756756756757 0.05113636363636364 0.15135135135135136
0 0.8352272727272727 0.8918918918918919 0.05397727272727273 0.15135135135135136
1 0.3039772727272727 0.8810810810810811 0.045454545454545456 0.15135135135135136
0 0.24005681818181818 0.8756756756756757 0.05397727272727273 0.15135135135135136
4 0.3622159090909091 0.8810810810810811 0.05113636363636364 0.15135135135135136
8 0.8977272727272727 0.8972972972972973 0.05397727272727273 0.15135135135135136
7 0.48579545454545453 0.8810810810810811 0.05397727272727273 0.15675675675675677
7 0.7144886363636364 0.8891891891891892 0.05397727272727273 0.15675675675675677
4 0.052642045454545455 0.8708108108108108 0.05142045454545455 0.14162162162162162