6 0.6565349544072948 0.8612903225806452 0.057750759878419454 0.1935483870967742
2 0.48632218844984804 0.864516129032258 0.0547112462006079 0.1935483870967742
2 0.7826747720364742 0.8580645161290322 0.057750759878419454 0.1935483870967742
8 0.42249240121580545 0.864516129032258 0.057750759878419454 0.1870967741935484
5 0.041033434650455926 0.8580645161290322 0.057750759878419454 0.2064516129032258
3 0.7188449848024316 0.8580645161290322 0.060790273556231005 0.2
0 0.17325227963525835 0.8580645161290322 0.0547112462006079 0.1870967741935484
0 0.5911854103343465 0.8612903225806452 0.057750759878419454 0.1870967741935484
0 0.9088145896656535 0.8548387096774194 0.057750759878419454 0.1935483870967742
5 0.3586626139817629 0.8612903225806452 0.05167173252279635 0.1935483870967742
5 0.23404255319148937 0.8612903225806452 0.05167173252279635 0.1935483870967742
0 0.29635258358662614 0.8612903225806452 0.057750759878419454 0.1870967741935484
4 0.8465045592705167 0.8548387096774194 0.0547112462006079 0.1935483870967742