0 0.24691358024691357 0.7299270072992701 0.0411522633744856 0.10948905109489052
3 0.2962962962962963 0.7335766423357665 0.0411522633744856 0.10948905109489052
5 0.7839506172839507 0.7883211678832117 0.0411522633744856 0.10218978102189781
3 0.13580246913580246 0.718978102189781 0.04526748971193416 0.11678832116788321
9 0.3477366255144033 0.7408759124087592 0.0411522633744856 0.10948905109489052
0 0.7325102880658436 0.7846715328467153 0.0411522633744856 0.10218978102189781
0 0.49794238683127573 0.7554744525547445 0.0411522633744856 0.10218978102189781
9 0.831275720164609 0.791970802919708 0.0411522633744856 0.10948905109489052
5 0.6851851851851852 0.7773722627737226 0.0411522633744856 0.10948905109489052
6 0.39711934156378603 0.7481751824817519 0.0411522633744856 0.10948905109489052
6 0.6337448559670782 0.7737226277372263 0.0411522633744856 0.10948905109489052
6 0.44650205761316875 0.7518248175182481 0.0411522633744856 0.10948905109489052
6 0.5823045267489712 0.7700729927007299 0.0411522633744856 0.10218978102189781