2 0.06887052341597796 0.8568840579710145 0.05785123966942149 0.11594202898550725
2 0.5633608815426997 0.8677536231884058 0.05234159779614325 0.11231884057971014
3 0.6804407713498623 0.8713768115942029 0.05234159779614325 0.11231884057971014
0 0.24242424242424243 0.8532608695652174 0.05509641873278237 0.11594202898550725
0 0.7988980716253443 0.8840579710144928 0.05509641873278237 0.10869565217391304
0 0.18457300275482094 0.8514492753623188 0.05234159779614325 0.11594202898550725
3 0.6239669421487604 0.8677536231884058 0.05234159779614325 0.11231884057971014
9 0.4724517906336088 0.8623188405797102 0.049586776859504134 0.10869565217391304
0 0.7382920110192838 0.8786231884057971 0.05234159779614325 0.11231884057971014
6 0.41460055096418735 0.8605072463768116 0.05234159779614325 0.10869565217391304
1 0.3608815426997245 0.8568840579710145 0.049586776859504134 0.10869565217391304
5 0.3002754820936639 0.8568840579710145 0.05509641873278237 0.11594202898550725
7 0.8581267217630854 0.8894927536231884 0.05234159779614325 0.11231884057971014