0 0.16393442622950818 0.8765060240963856 0.05327868852459016 0.13855421686746988
2 0.7663934426229508 0.8734939759036144 0.05327868852459016 0.13253012048192772
1 0.4774590163934426 0.8734939759036144 0.045081967213114756 0.15060240963855423
0 0.3483606557377049 0.8734939759036144 0.05737704918032787 0.14457831325301204
4 0.5778688524590164 0.8644578313253012 0.05327868852459016 0.14457831325301204
1 0.7090163934426229 0.8674698795180723 0.04918032786885246 0.15060240963855423
0 0.22745901639344263 0.8734939759036144 0.05327868852459016 0.14457831325301204
0 0.41188524590163933 0.8704819277108434 0.05737704918032787 0.14457831325301204
4 0.05942622950819672 0.8795180722891566 0.05327868852459016 0.13855421686746988
9 0.6413934426229508 0.8704819277108434 0.05737704918032787 0.13253012048192772
9 0.8291393442622951 0.8700602409638555 0.05758196721311476 0.14385542168674698
3 0.883483606557377 0.8636144578313254 0.05213114754098361 0.15234939759036145
7 0.2921311475409836 0.8716265060240964 0.05688524590163935 0.1541566265060241