2 0.32558139534883723 0.907608695652174 0.05426356589147287 0.13043478260869565
0 0.26356589147286824 0.907608695652174 0.05426356589147287 0.11956521739130435
0 0.20155038759689922 0.907608695652174 0.05426356589147287 0.11956521739130435
0 0.5 0.9021739130434783 0.05426356589147287 0.11956521739130435
4 0.4418604651162791 0.9021739130434783 0.05426356589147287 0.11956521739130435
7 0.8255813953488372 0.8913043478260869 0.05426356589147287 0.11956521739130435
1 0.5930232558139535 0.8967391304347826 0.03875968992248062 0.10869565217391304
6 0.7674418604651163 0.8967391304347826 0.05426356589147287 0.10869565217391304
4 0.06976744186046512 0.907608695652174 0.05426356589147287 0.13043478260869565
9 0.38372093023255816 0.907608695652174 0.05426356589147287 0.11956521739130435
3 0.8798449612403101 0.8967391304347826 0.05426356589147287 0.13043478260869565
9 0.6472868217054264 0.9021739130434783 0.05426356589147287 0.11956521739130435
9 0.7093023255813954 0.8967391304347826 0.05426356589147287 0.11956521739130435