2 0.7265372168284789 0.8473282442748091 0.05501618122977346 0.20610687022900764
8 0.3592233009708738 0.8473282442748091 0.05825242718446602 0.20610687022900764
9 0.2961165048543689 0.8473282442748091 0.05501618122977346 0.20610687022900764
0 0.23624595469255663 0.8396946564885496 0.05501618122977346 0.1984732824427481
5 0.8446601941747572 0.8473282442748091 0.04854368932038835 0.20610687022900764
0 0.17637540453074432 0.8396946564885496 0.05177993527508091 0.1984732824427481
0 0.6003236245954693 0.8435114503816794 0.05501618122977346 0.20610687022900764
1 0.6634304207119741 0.8473282442748091 0.04854368932038835 0.1984732824427481
6 0.42394822006472493 0.8473282442748091 0.05501618122977346 0.20610687022900764
6 0.7864077669902912 0.8473282442748091 0.05177993527508091 0.20610687022900764
4 0.4886731391585761 0.851145038167939 0.05501618122977346 0.20610687022900764
4 0.05825242718446602 0.8435114503816794 0.04854368932038835 0.1984732824427481
1 0.8996763754045307 0.8473282442748091 0.038834951456310676 0.1984732824427481