8 0.41603053435114506 0.8764367816091954 0.04961832061068702 0.10919540229885058
9 0.6507633587786259 0.8793103448275862 0.04961832061068702 0.10344827586206896
8 0.3511450381679389 0.8764367816091954 0.04961832061068702 0.10919540229885058
0 0.16030534351145037 0.8764367816091954 0.04961832061068702 0.10919540229885058
0 0.8396946564885496 0.8764367816091954 0.04961832061068702 0.10919540229885058
0 0.9007633587786259 0.8764367816091954 0.04961832061068702 0.10919540229885058
1 0.7194656488549618 0.8793103448275862 0.04580152671755725 0.10919540229885058
0 0.22328244274809161 0.8764367816091954 0.04961832061068702 0.10919540229885058
5 0.47900763358778625 0.8764367816091954 0.04961832061068702 0.10919540229885058
1 0.5954198473282443 0.8793103448275862 0.04580152671755725 0.10919540229885058
6 0.2881679389312977 0.8764367816091954 0.05343511450381679 0.10919540229885058
6 0.7786259541984732 0.8793103448275862 0.05343511450381679 0.10919540229885058
4 0.05534351145038168 0.8879310344827587 0.04580152671755725 0.08045977011494253