3 0.6181434599156118 0.8922155688622755 0.05485232067510549 0.11976047904191617
2 0.679324894514768 0.8952095808383234 0.05485232067510549 0.11976047904191617
2 0.46624472573839665 0.8922155688622755 0.05063291139240506 0.11976047904191617
4 0.0379746835443038 0.8802395209580839 0.05485232067510549 0.11976047904191617
3 0.8649789029535865 0.8982035928143712 0.05907172995780591 0.12574850299401197
7 0.8037974683544303 0.8952095808383234 0.05485232067510549 0.11976047904191617
0 0.16033755274261605 0.8832335329341318 0.05485232067510549 0.11976047904191617
6 0.740506329113924 0.8952095808383234 0.05485232067510549 0.11377245508982035
5 0.5569620253164557 0.8922155688622755 0.05063291139240506 0.11976047904191617
0 0.22573839662447256 0.8832335329341318 0.05485232067510549 0.11976047904191617
6 0.2890295358649789 0.8892215568862275 0.05485232067510549 0.11976047904191617
9 0.40717299578059074 0.8892215568862275 0.05907172995780591 0.11976047904191617
5 0.3459915611814346 0.8892215568862275 0.05063291139240506 0.11976047904191617