8 0.5985401459854015 0.9071428571428571 0.05474452554744526 0.15714285714285714
5 0.3175182481751825 0.9107142857142857 0.05474452554744526 0.16428571428571428
0 0.7718978102189781 0.9035714285714286 0.05474452554744526 0.15714285714285714
0 0.49635036496350365 0.9071428571428571 0.058394160583941604 0.16428571428571428
0 0.19708029197080293 0.9142857142857143 0.058394160583941604 0.16428571428571428
0 0.43613138686131386 0.9107142857142857 0.058394160583941604 0.16428571428571428
0 0.26094890510948904 0.9142857142857143 0.058394160583941604 0.16428571428571428
1 0.6605839416058394 0.9035714285714286 0.043795620437956206 0.16428571428571428
1 0.833941605839416 0.9035714285714286 0.043795620437956206 0.16428571428571428
4 0.06751824817518248 0.9142857142857143 0.06204379562043796 0.17142857142857143
6 0.7098540145985401 0.9035714285714286 0.05474452554744526 0.16428571428571428
9 0.3759124087591241 0.9107142857142857 0.058394160583941604 0.16428571428571428
6 0.8813868613138686 0.9035714285714286 0.05474452554744526 0.16428571428571428