0 0.1124031007751938 0.48412698412698413 0.14728682170542637 0.05555555555555555
2 0.10465116279069768 0.6369047619047619 0.14728682170542637 0.05555555555555555
9 0.10852713178294573 0.6944444444444444 0.14728682170542637 0.05555555555555555
8 0.1124031007751938 0.8611111111111112 0.14728682170542637 0.051587301587301584
0 0.10852713178294573 0.5793650793650794 0.15503875968992248 0.05555555555555555
4 0.10465116279069768 0.8055555555555556 0.14728682170542637 0.05555555555555555
7 0.10852713178294573 0.23809523809523808 0.15503875968992248 0.05555555555555555
9 0.10852713178294573 0.3630952380952381 0.15503875968992248 0.05555555555555555
0 0.10852713178294573 0.75 0.14728682170542637 0.051587301587301584
6 0.11348837209302326 0.4206746031746032 0.1450387596899225 0.054603174603174605
4 0.11224806201550389 0.29658730158730157 0.15627906976744185 0.06027777777777778
5 0.11868217054263566 0.1742857142857143 0.16914728682170543 0.062380952380952384
3 0.12426356589147287 0.04444444444444444 0.1665891472868217 0.07067460317460317