4 0.052123552123552123 0.8743169398907104 0.05405405405405406 0.11475409836065574
3 0.5752895752895753 0.8907103825136612 0.05791505791505792 0.12021857923497267
8 0.696911196911197 0.8961748633879781 0.05405405405405406 0.12021857923497267
4 0.8783783783783784 0.9016393442622951 0.05405405405405406 0.11475409836065574
8 0.7586872586872587 0.8989071038251366 0.05405405405405406 0.11475409836065574
6 0.2876447876447876 0.8825136612021858 0.05791505791505792 0.1092896174863388
0 0.16602316602316602 0.8770491803278688 0.05405405405405406 0.11475409836065574
3 0.47104247104247104 0.8879781420765027 0.05791505791505792 0.11475409836065574
1 0.8185328185328186 0.8989071038251366 0.04633204633204633 0.1092896174863388
3 0.4111969111969112 0.8852459016393442 0.05791505791505792 0.11475409836065574
0 0.2277992277992278 0.8797814207650273 0.05405405405405406 0.11475409836065574
3 0.34942084942084944 0.8852459016393442 0.05791505791505792 0.11475409836065574
5 0.6351351351351351 0.8961748633879781 0.05405405405405406 0.11475409836065574