2 0.7785467128027682 0.8624161073825504 0.05536332179930796 0.16778523489932887
9 0.6522491349480969 0.8624161073825504 0.05536332179930796 0.1610738255033557
9 0.8408304498269896 0.8590604026845637 0.05536332179930796 0.1610738255033557
9 0.7162629757785467 0.8624161073825504 0.05536332179930796 0.1610738255033557
4 0.903114186851211 0.8557046979865772 0.05190311418685121 0.15436241610738255
8 0.2370242214532872 0.8758389261744967 0.05536332179930796 0.1610738255033557
1 0.5899653979238755 0.8657718120805369 0.04498269896193772 0.15436241610738255
7 0.17647058823529413 0.8758389261744967 0.05536332179930796 0.1610738255033557
0 0.4273356401384083 0.8691275167785235 0.05536332179930796 0.1610738255033557
8 0.30103806228373703 0.87248322147651 0.05190311418685121 0.1610738255033557
8 0.4913494809688581 0.8691275167785235 0.05536332179930796 0.1610738255033557
9 0.05190311418685121 0.8791946308724832 0.05536332179930796 0.16778523489932887
8 0.36505190311418684 0.87248322147651 0.05190311418685121 0.1610738255033557