2 0.3339920948616601 0.8296296296296296 0.05138339920948617 0.14074074074074075
3 0.39723320158102765 0.8296296296296296 0.04743083003952569 0.13333333333333333
0 0.8063241106719368 0.8518518518518519 0.05138339920948617 0.13333333333333333
3 0.8675889328063241 0.8518518518518519 0.04743083003952569 0.13333333333333333
0 0.5632411067193676 0.837037037037037 0.05533596837944664 0.13333333333333333
5 0.6818181818181818 0.8444444444444444 0.05138339920948617 0.13333333333333333
7 0.46047430830039526 0.8296296296296296 0.05138339920948617 0.13333333333333333
0 0.15019762845849802 0.8185185185185185 0.05138339920948617 0.13333333333333333
1 0.6284584980237155 0.8444444444444444 0.04743083003952569 0.1259259259259259
0 0.2134387351778656 0.8222222222222222 0.05928853754940711 0.13333333333333333
7 0.274703557312253 0.8222222222222222 0.05533596837944664 0.13333333333333333
4 0.05138339920948617 0.8185185185185185 0.05533596837944664 0.13333333333333333
8 0.7450592885375494 0.8518518518518519 0.05138339920948617 0.13333333333333333