3 0.5800970873786407 0.8052631578947368 0.05339805825242718 0.16842105263157894
3 0.28883495145631066 0.8 0.05339805825242718 0.16842105263157894
3 0.34951456310679613 0.8052631578947368 0.05339805825242718 0.16842105263157894
1 0.23058252427184467 0.8052631578947368 0.04854368932038835 0.16842105263157894
5 0.7621359223300971 0.8157894736842105 0.05339805825242718 0.16842105263157894
1 0.6432038834951457 0.8157894736842105 0.04854368932038835 0.15789473684210525
0 0.1650485436893204 0.8 0.05825242718446602 0.16842105263157894
0 0.8859223300970874 0.8157894736842105 0.05339805825242718 0.16842105263157894
0 0.41262135922330095 0.8052631578947368 0.05825242718446602 0.16842105263157894
7 0.4733009708737864 0.8052631578947368 0.05339805825242718 0.16842105263157894
4 0.06310679611650485 0.7856842105263158 0.05339805825242718 0.19705263157894737
8 0.8252427184466019 0.8157894736842105 0.05339805825242718 0.16842105263157894
9 0.7014563106796117 0.8157894736842105 0.05339805825242718 0.16842105263157894