2 0.761437908496732 0.9088397790055248 0.058823529411764705 0.13812154696132597
0 0.41830065359477125 0.9116022099447514 0.05555555555555555 0.143646408839779
3 0.8202614379084967 0.9060773480662984 0.06209150326797386 0.14917127071823205
0 0.17483660130718953 0.9088397790055248 0.05228758169934641 0.13812154696132597
0 0.35784313725490197 0.9088397790055248 0.05555555555555555 0.13812154696132597
1 0.7026143790849673 0.9116022099447514 0.049019607843137254 0.13259668508287292
5 0.2973856209150327 0.914364640883978 0.05228758169934641 0.13812154696132597
0 0.2369281045751634 0.9116022099447514 0.058823529411764705 0.13812154696132597
9 0.47875816993464054 0.914364640883978 0.05555555555555555 0.143646408839779
4 0.058823529411764705 0.9005524861878453 0.05555555555555555 0.143646408839779
0 0.5800653594771242 0.9060773480662984 0.05555555555555555 0.14917127071823205
0 0.6405228758169934 0.9060773480662984 0.05555555555555555 0.13259668508287292
8 0.8856209150326797 0.9116022099447514 0.06209150326797386 0.143646408839779