9 0.646 0.9074074074074074 0.048 0.1111111111111111
2 0.072 0.91005291005291 0.048 0.1164021164021164
1 0.896 0.9047619047619048 0.044 0.10582010582010581
3 0.71 0.9074074074074074 0.048 0.1111111111111111
0 0.834 0.9074074074074074 0.048 0.1111111111111111
0 0.172 0.91005291005291 0.048 0.10582010582010581
9 0.486 0.91005291005291 0.048 0.10582010582010581
0 0.236 0.9074074074074074 0.048 0.10582010582010581
3 0.298 0.91005291005291 0.048 0.1111111111111111
8 0.424 0.91005291005291 0.048 0.10582010582010581
0 0.772 0.9074074074074074 0.048 0.10582010582010581
3 0.584 0.9074074074074074 0.048 0.1111111111111111
8 0.36 0.91005291005291 0.048 0.10582010582010581