8 0.3419811320754717 0.7848101265822784 0.05188679245283019 0.17721518987341772
3 0.7405660377358491 0.7848101265822784 0.05188679245283019 0.189873417721519
7 0.4009433962264151 0.7784810126582279 0.04716981132075472 0.189873417721519
0 0.16273584905660377 0.7784810126582279 0.04716981132075472 0.17721518987341772
0 0.22169811320754718 0.7784810126582279 0.05188679245283019 0.17721518987341772
4 0.06839622641509434 0.7721518987341772 0.04716981132075472 0.17721518987341772
0 0.5613207547169812 0.7784810126582279 0.04716981132075472 0.17721518987341772
7 0.6816037735849056 0.7848101265822784 0.04716981132075472 0.189873417721519
4 0.7995283018867925 0.7911392405063291 0.04716981132075472 0.17721518987341772
4 0.45990566037735847 0.7848101265822784 0.04716981132075472 0.17721518987341772
3 0.6226415094339622 0.7848101265822784 0.04716981132075472 0.189873417721519
6 0.2806603773584906 0.7784810126582279 0.04716981132075472 0.17721518987341772
6 0.8608490566037735 0.7911392405063291 0.04716981132075472 0.17721518987341772