8 0.6865942028985508 0.8825136612021858 0.04710144927536232 0.1092896174863388
8 0.8079710144927537 0.8852459016393442 0.04710144927536232 0.1092896174863388
2 0.8695652173913043 0.8852459016393442 0.04710144927536232 0.11475409836065574
0 0.46195652173913043 0.8743169398907104 0.050724637681159424 0.11475409836065574
6 0.16666666666666666 0.8743169398907104 0.050724637681159424 0.12021857923497267
0 0.40217391304347827 0.8743169398907104 0.050724637681159424 0.11475409836065574
0 0.5652173913043478 0.8770491803278688 0.04710144927536232 0.11475409836065574
0 0.2826086956521739 0.8743169398907104 0.050724637681159424 0.11475409836065574
6 0.625 0.8825136612021858 0.050724637681159424 0.1092896174863388
1 0.22826086956521738 0.8770491803278688 0.043478260869565216 0.12021857923497267
4 0.7481884057971014 0.8825136612021858 0.04710144927536232 0.1092896174863388
4 0.3442028985507246 0.8770491803278688 0.04710144927536232 0.12021857923497267
7 0.04891304347826087 0.8797814207650273 0.050724637681159424 0.12568306010928962