8 0.6333333333333333 0.9018691588785047 0.06153846153846154 0.1588785046728972
8 0.8897435897435897 0.8878504672897196 0.05641025641025641 0.1588785046728972
0 0.3871794871794872 0.8878504672897196 0.05641025641025641 0.1588785046728972
0 0.764102564102564 0.8925233644859814 0.05641025641025641 0.1588785046728972
0 0.4512820512820513 0.8925233644859814 0.06153846153846154 0.1588785046728972
0 0.5641025641025641 0.897196261682243 0.05641025641025641 0.1588785046728972
0 0.20256410256410257 0.8644859813084113 0.05128205128205128 0.1588785046728972
0 0.14358974358974358 0.8551401869158879 0.05128205128205128 0.1588785046728972
5 0.26153846153846155 0.8738317757009346 0.05128205128205128 0.1588785046728972
5 0.3230769230769231 0.883177570093458 0.05641025641025641 0.1588785046728972
4 0.06153846153846154 0.8364485981308412 0.046153846153846156 0.14953271028037382
7 0.7 0.897196261682243 0.06153846153846154 0.16822429906542055
3 0.8256410256410256 0.8925233644859814 0.06153846153846154 0.16822429906542055