2 0.7815126050420168 0.8617886178861789 0.058823529411764705 0.17073170731707318
0 0.43487394957983194 0.8617886178861789 0.058823529411764705 0.16260162601626016
1 0.5945378151260504 0.8658536585365854 0.04201680672268908 0.15447154471544716
9 0.7184873949579832 0.8617886178861789 0.058823529411764705 0.17073170731707318
4 0.9054621848739496 0.8658536585365854 0.0546218487394958 0.15447154471544716
9 0.6554621848739496 0.8617886178861789 0.06302521008403361 0.17073170731707318
8 0.24579831932773108 0.8617886178861789 0.058823529411764705 0.17073170731707318
8 0.49789915966386555 0.8577235772357723 0.0546218487394958 0.16260162601626016
9 0.8445378151260504 0.8617886178861789 0.058823529411764705 0.17073170731707318
8 0.3088235294117647 0.8617886178861789 0.0546218487394958 0.16260162601626016
7 0.1869747899159664 0.8577235772357723 0.0546218487394958 0.17073170731707318
9 0.06302521008403361 0.8577235772357723 0.06302521008403361 0.17073170731707318
8 0.37436974789915967 0.8588617886178862 0.060294117647058824 0.1772357723577236