3 0.9007352941176471 0.6126760563380281 0.14705882352941177 0.05985915492957746
1 0.9154411764705882 0.47183098591549294 0.14705882352941177 0.04225352112676056
8 0.8933823529411765 0.7887323943661971 0.13970588235294118 0.056338028169014086
1 0.9080882352941176 0.5528169014084507 0.14705882352941177 0.04929577464788732
1 0.8970588235294118 0.7323943661971831 0.14705882352941177 0.04929577464788732
0 0.9227941176470589 0.2975352112676056 0.13970588235294118 0.056338028169014086
4 0.9154411764705882 0.41901408450704225 0.14705882352941177 0.056338028169014086
0 0.9191176470588235 0.3609154929577465 0.13970588235294118 0.056338028169014086
0 0.9264705882352942 0.2323943661971831 0.13970588235294118 0.056338028169014086
3 0.8823529411764706 0.9401408450704225 0.14705882352941177 0.06338028169014084
9 0.9301470588235294 0.16901408450704225 0.13970588235294118 0.05985915492957746
1 0.8897058823529411 0.8415492957746479 0.14705882352941177 0.04225352112676056
7 0.8970588235294118 0.676056338028169 0.14705882352941177 0.0528169014084507