0 0.8016528925619835 0.7658227848101266 0.15702479338842976 0.05907172995780591
0 0.7975206611570248 0.8248945147679325 0.15702479338842976 0.05485232067510549
0 0.8057851239669421 0.5928270042194093 0.15702479338842976 0.05907172995780591
0 0.8181818181818182 0.4282700421940928 0.1652892561983471 0.05907172995780591
0 0.8099173553719008 0.5316455696202531 0.15702479338842976 0.05907172995780591
6 0.8223140495867769 0.3037974683544304 0.1652892561983471 0.05907172995780591
5 0.8057851239669421 0.7088607594936709 0.15702479338842976 0.05485232067510549
5 0.8079338842975207 0.6518987341772152 0.16140495867768595 0.05485232067510549
0 0.8223140495867769 0.23839662447257384 0.17355371900826447 0.06329113924050633
4 0.7851239669421488 0.9388185654008439 0.15702479338842976 0.05485232067510549
7 0.8205785123966942 0.3670886075949367 0.17008264462809916 0.05907172995780591
8 0.8401652892561983 0.17223628691983123 0.17446280991735535 0.0650632911392405
7 0.8357851239669422 0.10582278481012658 0.20057851239669422 0.060126582278481014