0 0.25 0.8833333333333333 0.052980132450331126 0.12857142857142856
0 0.30960264900662254 0.8833333333333333 0.04966887417218543 0.12857142857142856
1 0.48344370860927155 0.8857142857142857 0.046357615894039736 0.12380952380952381
6 0.8112582781456954 0.888095238095238 0.052980132450331126 0.12380952380952381
6 0.7516556291390728 0.888095238095238 0.052980132450331126 0.12857142857142856
1 0.42549668874172186 0.8857142857142857 0.046357615894039736 0.12380952380952381
6 0.3675496688741722 0.8833333333333333 0.052980132450331126 0.12857142857142856
0 0.5811258278145696 0.8833333333333333 0.04966887417218543 0.12380952380952381
3 0.06788079470198675 0.8833333333333333 0.059602649006622516 0.13333333333333333
0 0.6390728476821192 0.8857142857142857 0.052980132450331126 0.12380952380952381
7 0.8692052980132451 0.888095238095238 0.04966887417218543 0.12380952380952381
7 0.6970198675496688 0.8833333333333333 0.052980132450331126 0.12857142857142856
5 0.19370860927152317 0.8833333333333333 0.052980132450331126 0.13333333333333333