2 0.7659090909090909 0.8701298701298701 0.05454545454545454 0.11038961038961038
2 0.28863636363636364 0.8766233766233766 0.05454545454545454 0.11038961038961038
0 0.16363636363636364 0.8798701298701299 0.05454545454545454 0.11038961038961038
6 0.7045454545454546 0.8701298701298701 0.05454545454545454 0.11038961038961038
0 0.22727272727272727 0.8766233766233766 0.05454545454545454 0.11038961038961038
0 0.5818181818181818 0.8701298701298701 0.05 0.11038961038961038
0 0.475 0.8701298701298701 0.05 0.11038961038961038
4 0.05909090909090909 0.8831168831168831 0.05 0.1038961038961039
9 0.3522727272727273 0.8766233766233766 0.05454545454545454 0.1038961038961039
4 0.41363636363636364 0.8733766233766234 0.05 0.1038961038961039
1 0.6454545454545455 0.8701298701298701 0.05 0.1038961038961039
1 0.8318181818181818 0.8701298701298701 0.045454545454545456 0.1038961038961039
5 0.8863636363636364 0.8668831168831169 0.05 0.11038961038961038