4 0.057692307692307696 0.797752808988764 0.05244755244755245 0.23595505617977527
8 0.48776223776223776 0.7808988764044944 0.05244755244755245 0.23595505617977527
6 0.5926573426573427 0.7808988764044944 0.055944055944055944 0.24719101123595505
0 0.18356643356643357 0.7865168539325843 0.05244755244755245 0.23595505617977527
0 0.24475524475524477 0.7808988764044944 0.055944055944055944 0.23595505617977527
0 0.7132867132867133 0.7696629213483146 0.05944055944055944 0.24719101123595505
0 0.833916083916084 0.7696629213483146 0.05944055944055944 0.24719101123595505
8 0.36538461538461536 0.7808988764044944 0.05244755244755245 0.23595505617977527
0 0.42657342657342656 0.7752808988764045 0.05244755244755245 0.23595505617977527
5 0.6520979020979021 0.7752808988764045 0.055944055944055944 0.25842696629213485
5 0.30594405594405594 0.7808988764044944 0.05244755244755245 0.24719101123595505
7 0.8968531468531469 0.7696629213483146 0.05244755244755245 0.23595505617977527
5 0.7727272727272727 0.7752808988764045 0.055944055944055944 0.24719101123595505