2 0.12435233160621761 0.7913669064748201 0.046632124352331605 0.1366906474820144
0 0.5984455958549223 0.8201438848920863 0.046632124352331605 0.1366906474820144
2 0.17357512953367876 0.7949640287769785 0.046632124352331605 0.14388489208633093
0 0.27461139896373055 0.802158273381295 0.046632124352331605 0.1366906474820144
1 0.3238341968911917 0.802158273381295 0.04145077720207254 0.1366906474820144
0 0.538860103626943 0.8165467625899281 0.04145077720207254 0.1366906474820144
1 0.22538860103626943 0.7985611510791367 0.04145077720207254 0.1366906474820144
9 0.7823834196891192 0.8345323741007195 0.04145077720207254 0.1366906474820144
7 0.42487046632124353 0.8057553956834532 0.046632124352331605 0.14388489208633093
8 0.37305699481865284 0.8057553956834532 0.046632124352331605 0.1366906474820144
5 0.7202072538860104 0.8273381294964028 0.046632124352331605 0.14388489208633093
3 0.6606217616580311 0.8237410071942446 0.046632124352331605 0.14388489208633093
8 0.8419689119170984 0.8345323741007195 0.04145077720207254 0.1366906474820144