3 0.8119266055045872 0.66 0.1743119266055046 0.06222222222222222
1 0.8165137614678899 0.6044444444444445 0.1651376146788991 0.044444444444444446
9 0.8366972477064221 0.44 0.16880733944954127 0.06222222222222222
4 0.7844036697247706 0.9355555555555556 0.1743119266055046 0.057777777777777775
0 0.8027522935779816 0.78 0.1651376146788991 0.06222222222222222
0 0.806605504587156 0.8381333333333334 0.16834862385321103 0.053511111111111107
9 0.8130275229357798 0.7197333333333333 0.1738532110091743 0.0548
0 0.8272477064220184 0.5426666666666666 0.17293577981651378 0.06666666666666667
0 0.8474311926605504 0.3767111111111111 0.16926605504587156 0.06524444444444444
6 0.8492660550458715 0.31275555555555556 0.20229357798165137 0.06875555555555556
9 0.8552293577981651 0.24475555555555556 0.1628440366972477 0.0536
0 0.8699082568807339 0.18342222222222224 0.17027522935779815 0.06955555555555555
9 0.8744954128440366 0.11746666666666666 0.17944954128440366 0.054844444444444446