8 0.8695652173913043 0.6604166666666667 0.16521739130434782 0.05416666666666667
3 0.8739130434782608 0.23541666666666666 0.1565217391304348 0.058333333333333334
0 0.8652173913043478 0.8458333333333333 0.16521739130434782 0.05416666666666667
0 0.8739130434782608 0.5979166666666667 0.16521739130434782 0.058333333333333334
0 0.8739130434782608 0.5354166666666667 0.16521739130434782 0.05416666666666667
8 0.8826086956521739 0.11041666666666666 0.1565217391304348 0.05416666666666667
1 0.8695652173913043 0.7833333333333333 0.16521739130434782 0.05
1 0.8739130434782608 0.4270833333333333 0.16521739130434782 0.04583333333333333
1 0.8826086956521739 0.17083333333333334 0.16521739130434782 0.05
1 0.8695652173913043 0.71875 0.16521739130434782 0.05
9 0.8739130434782608 0.3 0.1565217391304348 0.05416666666666667
0 0.8739130434782608 0.3645833333333333 0.16521739130434782 0.05416666666666667
4 0.8652173913043478 0.9541666666666667 0.16521739130434782 0.05416666666666667