4 0.8814814814814815 0.36041666666666666 0.13333333333333333 0.058333333333333334
4 0.8814814814814815 0.6354166666666666 0.1259259259259259 0.058333333333333334
4 0.8851851851851852 0.1875 0.13333333333333333 0.058333333333333334
1 0.8814814814814815 0.6916666666666667 0.1259259259259259 0.04583333333333333
9 0.8851851851851852 0.5770833333333333 0.1259259259259259 0.058333333333333334
6 0.8814814814814815 0.24583333333333332 0.1259259259259259 0.058333333333333334
4 0.8851851851851852 0.9270833333333334 0.13333333333333333 0.058333333333333334
1 0.8814814814814815 0.41875 0.1259259259259259 0.04583333333333333
9 0.8814814814814815 0.51875 0.1259259259259259 0.058333333333333334
0 0.8814814814814815 0.75 0.1259259259259259 0.058333333333333334
8 0.8851851851851852 0.12708333333333333 0.1259259259259259 0.058333333333333334
0 0.8814814814814815 0.8083333333333333 0.1259259259259259 0.05416666666666667
0 0.8814814814814815 0.3020833333333333 0.1259259259259259 0.05416666666666667