2 0.30057803468208094 0.8531468531468531 0.046242774566473986 0.13986013986013987
0 0.1936416184971098 0.8531468531468531 0.05202312138728324 0.14685314685314685
1 0.815028901734104 0.8671328671328671 0.04046242774566474 0.13986013986013987
7 0.41329479768786126 0.8566433566433567 0.05202312138728324 0.14685314685314685
4 0.08959537572254335 0.8546153846153846 0.05202312138728324 0.1439160839160839
0 0.5484971098265896 0.8581118881118881 0.05647398843930636 0.1509090909090909
4 0.4639306358381503 0.8531468531468531 0.049248554913294794 0.14685314685314685
7 0.7658959537572254 0.8623076923076923 0.05202312138728324 0.1511188811188811
0 0.6011560693641619 0.8566433566433567 0.057803468208092484 0.14685314685314685
3 0.7109826589595376 0.86 0.05202312138728324 0.1465734265734266
4 0.6589595375722543 0.8566433566433567 0.046242774566473986 0.14685314685314685
8 0.35260115606936415 0.8531468531468531 0.057803468208092484 0.13986013986013987
0 0.2514450867052023 0.8531468531468531 0.05202312138728324 0.13986013986013987