3 0.6495016611295681 0.13675213675213677 0.053156146179401995 0.09401709401709402
3 0.5299003322259136 0.13675213675213677 0.04983388704318937 0.09401709401709402
4 0.7126245847176079 0.1388888888888889 0.04983388704318937 0.09401709401709402
5 0.5897009966777409 0.13675213675213677 0.053156146179401995 0.09401709401709402
8 0.18438538205980065 0.13247863247863248 0.04983388704318937 0.09401709401709402
4 0.9318936877076412 0.13675213675213677 0.046511627906976744 0.08974358974358974
0 0.8355481727574751 0.1388888888888889 0.04983388704318937 0.09401709401709402
0 0.7740863787375415 0.1388888888888889 0.04983388704318937 0.09401709401709402
6 0.3073089700996678 0.1346153846153846 0.04983388704318937 0.09401709401709402
3 0.24750830564784054 0.13247863247863248 0.04983388704318937 0.09401709401709402
0 0.43023255813953487 0.13675213675213677 0.04983388704318937 0.09401709401709402
7 0.12292358803986711 0.13034188034188035 0.04983388704318937 0.09829059829059829
1 0.3704318936877076 0.1346153846153846 0.04318936877076412 0.09401709401709402