8 0.3350877192982456 0.7208121827411168 0.04912280701754386 0.08629441624365482
3 0.7982456140350878 0.9314720812182741 0.04912280701754386 0.09137055837563451
0 0.1736842105263158 0.6446700507614214 0.04912280701754386 0.08629441624365482
5 0.5210526315789473 0.8071065989847716 0.04912280701754386 0.08629441624365482
5 0.6298245614035087 0.8553299492385786 0.04912280701754386 0.08629441624365482
6 0.7403508771929824 0.9086294416243654 0.0456140350877193 0.09137055837563451
6 0.2789473684210526 0.6979695431472082 0.04912280701754386 0.08629441624365482
0 0.3894736842105263 0.7461928934010152 0.04912280701754386 0.09137055837563451
9 0.4473684210526316 0.766497461928934 0.0456140350877193 0.08121827411167512
7 0.23157894736842105 0.6751269035532995 0.04912280701754386 0.10152284263959391
2 0.5771929824561404 0.8350253807106599 0.05263157894736842 0.09644670050761421
7 0.6877192982456141 0.883248730964467 0.05263157894736842 0.09644670050761421
8 0.06312280701754386 0.5906091370558375 0.046280701754385964 0.0865482233502538