3 0.8537735849056604 0.8944099378881988 0.05660377358490566 0.11180124223602485
2 0.4410377358490566 0.8944099378881988 0.05660377358490566 0.11180124223602485
5 0.9150943396226415 0.8944099378881988 0.05188679245283019 0.11180124223602485
8 0.0660377358490566 0.8944099378881988 0.05188679245283019 0.11180124223602485
0 0.19339622641509435 0.8944099378881988 0.05188679245283019 0.10559006211180125
1 0.32075471698113206 0.8975155279503105 0.04716981132075472 0.11180124223602485
0 0.5047169811320755 0.8913043478260869 0.05660377358490566 0.11180124223602485
0 0.25471698113207547 0.8944099378881988 0.05660377358490566 0.10559006211180125
0 0.6108490566037735 0.8913043478260869 0.05660377358490566 0.10559006211180125
0 0.6745283018867925 0.8913043478260869 0.05660377358490566 0.10559006211180125
7 0.7334905660377359 0.8944099378881988 0.05660377358490566 0.11180124223602485
4 0.38207547169811323 0.8944099378881988 0.05660377358490566 0.11180124223602485
4 0.7971698113207547 0.8944099378881988 0.05188679245283019 0.11180124223602485