2 0.302 0.879746835443038 0.048 0.11392405063291139
4 0.416 0.879746835443038 0.048 0.11392405063291139
8 0.848 0.870253164556962 0.048 0.11392405063291139
4 0.678 0.8734177215189873 0.048 0.10759493670886076
0 0.244 0.879746835443038 0.052 0.11392405063291139
0 0.734 0.870253164556962 0.048 0.11392405063291139
0 0.186 0.879746835443038 0.052 0.11392405063291139
1 0.62 0.8765822784810127 0.044 0.10759493670886076
4 0.07 0.8860759493670886 0.048 0.12025316455696203
3 0.792 0.8670886075949367 0.048 0.11392405063291139
4 0.472 0.879746835443038 0.048 0.11392405063291139
6 0.36 0.879746835443038 0.052 0.10759493670886076
6 0.566 0.8765822784810127 0.052 0.10759493670886076