2 0.3269230769230769 0.8973684210526316 0.05128205128205128 0.1736842105263158
3 0.7525641025641026 0.881578947368421 0.05128205128205128 0.1736842105263158
0 0.5615384615384615 0.8947368421052632 0.05384615384615385 0.17894736842105263
0 0.6269230769230769 0.8921052631578947 0.05384615384615385 0.17894736842105263
0 0.38846153846153847 0.8973684210526316 0.05384615384615385 0.17894736842105263
0 0.4512820512820513 0.8973684210526316 0.05384615384615385 0.17894736842105263
5 0.26794871794871794 0.8947368421052632 0.046153846153846156 0.1736842105263158
0 0.20897435897435898 0.8868421052631579 0.04871794871794872 0.1736842105263158
4 0.8692307692307693 0.8710526315789474 0.04358974358974359 0.1631578947368421
8 0.05641025641025641 0.8736842105263158 0.038461538461538464 0.16842105263157894
0 0.8115384615384615 0.8763157894736842 0.04871794871794872 0.1736842105263158
0 0.15384615384615385 0.8842105263157894 0.04358974358974359 0.16842105263157894
6 0.691025641025641 0.8894736842105263 0.05128205128205128 0.1736842105263158