3 0.79182156133829 0.8858267716535433 0.055762081784386616 0.16535433070866143
2 0.35687732342007433 0.9133858267716536 0.055762081784386616 0.15748031496062992
8 0.08178438661710037 0.8031496062992126 0.040892193308550186 0.15748031496062992
6 0.7286245353159851 0.905511811023622 0.05204460966542751 0.15748031496062992
4 0.9144981412639405 0.8385826771653543 0.04460966542750929 0.15748031496062992
5 0.29739776951672864 0.8937007874015748 0.05204460966542751 0.14960629921259844
0 0.6617100371747212 0.9133858267716536 0.055762081784386616 0.15748031496062992
0 0.18401486988847585 0.8582677165354331 0.048327137546468404 0.15748031496062992
0 0.8550185873605948 0.8661417322834646 0.05204460966542751 0.15748031496062992
0 0.483271375464684 0.9251968503937008 0.055762081784386616 0.14960629921259844
0 0.5966542750929368 0.9212598425196851 0.05204460966542751 0.14960629921259844
0 0.2379182156133829 0.8779527559055118 0.05204460966542751 0.14960629921259844
0 0.4200743494423792 0.9212598425196851 0.05204460966542751 0.15748031496062992