2 0.7542134831460674 0.8505154639175257 0.05337078651685393 0.14948453608247422
8 0.05898876404494382 0.8530927835051546 0.047752808988764044 0.13917525773195877
2 0.8778089887640449 0.8479381443298969 0.05056179775280899 0.14948453608247422
8 0.6924157303370787 0.8505154639175257 0.05056179775280899 0.14432989690721648
3 0.4002808988764045 0.8505154639175257 0.056179775280898875 0.15463917525773196
4 0.27808988764044945 0.8505154639175257 0.05056179775280899 0.14948453608247422
1 0.8202247191011236 0.8505154639175257 0.047752808988764044 0.14432989690721648
0 0.1544943820224719 0.8505154639175257 0.05056179775280899 0.14948453608247422
0 0.21629213483146068 0.8505154639175257 0.05056179775280899 0.14948453608247422
0 0.6306179775280899 0.8479381443298969 0.05056179775280899 0.14432989690721648
5 0.33707865168539325 0.8505154639175257 0.05056179775280899 0.15463917525773196
7 0.46348314606741575 0.8479381443298969 0.05337078651685393 0.14948453608247422
6 0.5702247191011236 0.8505154639175257 0.05056179775280899 0.14948453608247422