2 0.3803921568627451 0.8705035971223022 0.054901960784313725 0.1366906474820144
0 0.3196078431372549 0.8741007194244604 0.054901960784313725 0.1366906474820144
2 0.5980392156862745 0.8669064748201439 0.054901960784313725 0.14388489208633093
8 0.4372549019607843 0.8669064748201439 0.054901960784313725 0.12949640287769784
1 0.6607843137254902 0.8597122302158273 0.047058823529411764 0.12949640287769784
0 0.2607843137254902 0.8812949640287769 0.050980392156862744 0.1366906474820144
0 0.2019607843137255 0.8812949640287769 0.054901960784313725 0.1366906474820144
6 0.7156862745098039 0.8561151079136691 0.054901960784313725 0.12949640287769784
9 0.8862745098039215 0.8489208633093526 0.050980392156862744 0.12949640287769784
9 0.7745098039215687 0.8489208633093526 0.054901960784313725 0.1223021582733813
4 0.0803921568627451 0.8920863309352518 0.054901960784313725 0.1510791366906475
6 0.4980392156862745 0.8705035971223022 0.050980392156862744 0.14388489208633093
7 0.8313725490196079 0.841726618705036 0.050980392156862744 0.11510791366906475