4 0.06704980842911877 0.8694444444444445 0.04597701149425287 0.10555555555555556
0 0.24329501915708812 0.8722222222222222 0.04980842911877394 0.10555555555555556
0 0.1839080459770115 0.8694444444444445 0.04980842911877394 0.1
2 0.7796934865900383 0.9 0.04980842911877394 0.1
5 0.46934865900383144 0.8833333333333333 0.04980842911877394 0.1
0 0.3007662835249042 0.875 0.04980842911877394 0.10555555555555556
0 0.5632183908045977 0.8861111111111111 0.04980842911877394 0.1
0 0.6187739463601533 0.8888888888888888 0.04980842911877394 0.1
5 0.3563218390804598 0.8777777777777778 0.04980842911877394 0.10555555555555556
5 0.8314176245210728 0.9 0.04980842911877394 0.1
1 0.7318007662835249 0.8972222222222223 0.0421455938697318 0.1
7 0.6743295019157088 0.8916666666666667 0.04980842911877394 0.10555555555555556
1 0.41762452107279696 0.8805555555555555 0.0421455938697318 0.1