8 0.8003533568904594 0.8943661971830986 0.045936395759717315 0.08450704225352113
3 0.7402826855123675 0.892018779342723 0.045936395759717315 0.0892018779342723
0 0.18904593639575973 0.892018779342723 0.045936395759717315 0.0892018779342723
0 0.24558303886925795 0.892018779342723 0.045936395759717315 0.0892018779342723
0 0.568904593639576 0.892018779342723 0.045936395759717315 0.0892018779342723
3 0.47703180212014135 0.892018779342723 0.04946996466431095 0.0892018779342723
3 0.3621908127208481 0.892018779342723 0.04946996466431095 0.0892018779342723
1 0.627208480565371 0.8943661971830986 0.04240282685512368 0.08450704225352113
4 0.303886925795053 0.892018779342723 0.045936395759717315 0.0892018779342723
5 0.41872791519434627 0.892018779342723 0.045936395759717315 0.0892018779342723
7 0.8568904593639576 0.8943661971830986 0.045936395759717315 0.0892018779342723
4 0.09540636042402827 0.8943661971830986 0.045936395759717315 0.0892018779342723
6 0.6855123674911661 0.8943661971830986 0.045936395759717315 0.0892018779342723