3 0.6156351791530945 0.8793103448275862 0.04560260586319218 0.10919540229885058
0 0.4609120521172638 0.8936781609195402 0.04560260586319218 0.10344827586206896
4 0.3485342019543974 0.9051724137931034 0.04560260586319218 0.11494252873563218
2 0.8452768729641694 0.867816091954023 0.04560260586319218 0.10919540229885058
0 0.40390879478827363 0.8994252873563219 0.04560260586319218 0.10919540229885058
9 0.6710097719869706 0.8793103448275862 0.04560260586319218 0.10919540229885058
0 0.1758957654723127 0.9252873563218391 0.04560260586319218 0.10919540229885058
0 0.23289902280130292 0.9195402298850575 0.04234527687296417 0.10919540229885058
1 0.5586319218241043 0.8879310344827587 0.03257328990228013 0.10344827586206896
7 0.7866449511400652 0.8706896551724138 0.04560260586319218 0.11494252873563218
6 0.7312703583061889 0.8735632183908046 0.04560260586319218 0.10919540229885058
0 0.2915309446254072 0.9109195402298851 0.04234527687296417 0.10344827586206896
4 0.05374592833876222 0.9367816091954023 0.04560260586319218 0.1206896551724138