2 0.8916666666666667 0.9196428571428571 0.056666666666666664 0.13392857142857142
2 0.25166666666666665 0.9107142857142857 0.05333333333333334 0.12946428571428573
1 0.19666666666666666 0.9107142857142857 0.05 0.12053571428571429
3 0.835 0.9174107142857143 0.056666666666666664 0.12946428571428573
2 0.675 0.9151785714285714 0.05333333333333334 0.13392857142857142
1 0.78 0.9174107142857143 0.04666666666666667 0.125
1 0.7283333333333334 0.9174107142857143 0.04666666666666667 0.125
0 0.6183333333333333 0.9151785714285714 0.056666666666666664 0.12946428571428573
1 0.30333333333333334 0.9084821428571429 0.04666666666666667 0.125
0 0.4683333333333333 0.9107142857142857 0.05333333333333334 0.12946428571428573
3 0.06 0.9129464285714286 0.06 0.125
0 0.36 0.9084821428571429 0.056666666666666664 0.12946428571428573
4 0.41333333333333333 0.9129464285714286 0.05333333333333334 0.125