2 0.7442244224422442 0.8716216216216216 0.04950495049504951 0.14864864864864866
8 0.30033003300330036 0.8716216216216216 0.04950495049504951 0.1554054054054054
0 0.18316831683168316 0.8716216216216216 0.04950495049504951 0.1554054054054054
2 0.5726072607260726 0.8716216216216216 0.04950495049504951 0.1554054054054054
5 0.8003300330033003 0.8716216216216216 0.04950495049504951 0.1554054054054054
0 0.24092409240924093 0.8716216216216216 0.04950495049504951 0.1554054054054054
5 0.8564356435643564 0.8716216216216216 0.04950495049504951 0.14864864864864866
1 0.6336633663366337 0.8716216216216216 0.0462046204620462 0.14864864864864866
4 0.3564356435643564 0.8716216216216216 0.0462046204620462 0.14864864864864866
4 0.06105610561056106 0.875 0.04950495049504951 0.1554054054054054
9 0.4158415841584158 0.8716216216216216 0.04950495049504951 0.1554054054054054
1 0.4752475247524752 0.8716216216216216 0.0429042904290429 0.14864864864864866
7 0.6881188118811881 0.8716216216216216 0.04950495049504951 0.14864864864864866