4 0.056372549019607844 0.8648648648648649 0.05392156862745098 0.14414414414414414
8 0.3553921568627451 0.8693693693693694 0.05392156862745098 0.14414414414414414
4 0.6985294117647058 0.8738738738738738 0.05392156862745098 0.14414414414414414
4 0.4166666666666667 0.8693693693693694 0.05392156862745098 0.13513513513513514
0 0.17647058823529413 0.8648648648648649 0.05392156862745098 0.14414414414414414
7 0.6397058823529411 0.8693693693693694 0.058823529411764705 0.15315315315315314
0 0.23774509803921567 0.8648648648648649 0.05392156862745098 0.14414414414414414
5 0.5784313725490197 0.8738738738738738 0.05392156862745098 0.14414414414414414
1 0.821078431372549 0.8738738738738738 0.049019607843137254 0.14414414414414414
7 0.29901960784313725 0.8648648648648649 0.05392156862745098 0.14414414414414414
1 0.7598039215686274 0.8738738738738738 0.049019607843137254 0.13513513513513514
1 0.4730392156862745 0.8693693693693694 0.04411764705882353 0.14414414414414414
6 0.8848039215686274 0.8783783783783784 0.058823529411764705 0.14414414414414414