1 0.6905940594059405 0.8805309734513275 0.054455445544554455 0.1592920353982301
0 0.31435643564356436 0.8805309734513275 0.0594059405940594 0.1592920353982301
0 0.3787128712871287 0.8805309734513275 0.06435643564356436 0.168141592920354
9 0.44801980198019803 0.8849557522123894 0.06435643564356436 0.168141592920354
7 0.8242574257425742 0.8672566371681416 0.054455445544554455 0.168141592920354
0 0.6262376237623762 0.8849557522123894 0.06435643564356436 0.168141592920354
0 0.1905940594059406 0.8716814159292036 0.054455445544554455 0.1592920353982301
2 0.8787128712871287 0.8672566371681416 0.0594059405940594 0.168141592920354
5 0.2524752475247525 0.8761061946902655 0.0594059405940594 0.168141592920354
0 0.556930693069307 0.8849557522123894 0.06435643564356436 0.168141592920354
6 0.7599009900990099 0.8761061946902655 0.06435643564356436 0.168141592920354
0 0.13366336633663367 0.8672566371681416 0.054455445544554455 0.168141592920354
4 0.04232673267326733 0.8457522123893805 0.04955445544554456 0.14575221238938052