2 0.7621359223300971 0.9159663865546218 0.05501618122977346 0.10084033613445378
2 0.5744336569579288 0.9138655462184874 0.05501618122977346 0.09663865546218488
8 0.27993527508090615 0.9117647058823529 0.05501618122977346 0.09663865546218488
4 0.3414239482200647 0.9117647058823529 0.04854368932038835 0.09243697478991597
4 0.04692556634304207 0.9117647058823529 0.05177993527508091 0.09663865546218488
0 0.15210355987055016 0.9096638655462185 0.05177993527508091 0.09243697478991597
1 0.470873786407767 0.9117647058823529 0.042071197411003236 0.09243697478991597
0 0.2168284789644013 0.9117647058823529 0.05177993527508091 0.09663865546218488
1 0.6423948220064725 0.9138655462184874 0.045307443365695796 0.09243697478991597
9 0.4045307443365696 0.9117647058823529 0.05177993527508091 0.09243697478991597
7 0.7006472491909385 0.9138655462184874 0.05501618122977346 0.09663865546218488
5 0.8236245954692557 0.9159663865546218 0.05177993527508091 0.09663865546218488
5 0.8867313915857605 0.9159663865546218 0.05177993527508091 0.09663865546218488