8 0.6495098039215687 0.8766666666666667 0.05392156862745098 0.11333333333333333
1 0.8357843137254902 0.8766666666666667 0.049019607843137254 0.11333333333333333
0 0.16666666666666666 0.88 0.05392156862745098 0.11333333333333333
3 0.41421568627450983 0.8766666666666667 0.058823529411764705 0.12
3 0.47794117647058826 0.8766666666666667 0.058823529411764705 0.12
4 0.051470588235294115 0.8833333333333333 0.058823529411764705 0.12
4 0.9019607843137255 0.8733333333333333 0.058823529411764705 0.11333333333333333
6 0.2916666666666667 0.88 0.058823529411764705 0.11333333333333333
3 0.5857843137254902 0.8733333333333333 0.058823529411764705 0.12
0 0.7107843137254902 0.8733333333333333 0.05392156862745098 0.11333333333333333
0 0.22794117647058823 0.88 0.05392156862745098 0.11333333333333333
9 0.7745098039215687 0.8766666666666667 0.058823529411764705 0.11333333333333333
3 0.35294117647058826 0.8766666666666667 0.058823529411764705 0.12