2 0.2801556420233463 0.11081081081081082 0.05058365758754864 0.10270270270270271
3 0.3949416342412451 0.11351351351351352 0.05058365758754864 0.0972972972972973
0 0.45330739299610895 0.11351351351351352 0.04669260700389105 0.0972972972972973
3 0.22178988326848248 0.11081081081081082 0.054474708171206226 0.10270270270270271
4 0.1614785992217899 0.10810810810810811 0.05058365758754864 0.10810810810810811
7 0.33657587548638135 0.11081081081081082 0.05058365758754864 0.0972972972972973
0 0.603112840466926 0.11081081081081082 0.04669260700389105 0.0972972972972973
4 0.9142412451361868 0.10043243243243243 0.04284046692607004 0.10183783783783784
0 0.837431906614786 0.09632432432432432 0.05404669260700389 0.11005405405405405
0 0.7798832684824903 0.09767567567567567 0.055642023346303505 0.09837837837837837
0 0.7223346303501945 0.10172972972972973 0.05727626459143969 0.0992972972972973
0 0.6626848249027237 0.10556756756756758 0.059844357976653696 0.09610810810810812
7 0.5449805447470817 0.11389189189189189 0.055291828793774325 0.10200000000000001