2 0.7234848484848485 0.8962765957446809 0.04924242424242424 0.10638297872340426
2 0.45454545454545453 0.898936170212766 0.05303030303030303 0.11170212765957446
2 0.041666666666666664 0.898936170212766 0.05303030303030303 0.11170212765957446
6 0.6704545454545454 0.8962765957446809 0.05303030303030303 0.10638297872340426
0 0.8314393939393939 0.8909574468085106 0.05303030303030303 0.10106382978723404
0 0.23295454545454544 0.8962765957446809 0.05303030303030303 0.10638297872340426
5 0.7784090909090909 0.8936170212765957 0.05303030303030303 0.10638297872340426
0 0.3409090909090909 0.8962765957446809 0.05303030303030303 0.10638297872340426
0 0.3977272727272727 0.8962765957446809 0.05303030303030303 0.10638297872340426
0 0.5587121212121212 0.8962765957446809 0.05303030303030303 0.10106382978723404
0 0.17613636363636365 0.8962765957446809 0.05303030303030303 0.10638297872340426
7 0.2878787878787879 0.8962765957446809 0.04924242424242424 0.10638297872340426
0 0.615530303030303 0.8936170212765957 0.05303030303030303 0.10638297872340426