8 0.3065068493150685 0.8195876288659794 0.05136986301369863 0.23711340206185566
2 0.6592465753424658 0.8195876288659794 0.05136986301369863 0.23711340206185566
8 0.9058219178082192 0.8195876288659794 0.0547945205479452 0.23711340206185566
4 0.059931506849315065 0.8195876288659794 0.04794520547945205 0.23711340206185566
0 0.18493150684931506 0.8144329896907216 0.05136986301369863 0.23711340206185566
0 0.2465753424657534 0.8144329896907216 0.05136986301369863 0.23711340206185566
1 0.8458904109589042 0.8195876288659794 0.04794520547945205 0.23711340206185566
1 0.4349315068493151 0.8195876288659794 0.04452054794520548 0.2268041237113402
0 0.5976027397260274 0.8144329896907216 0.05136986301369863 0.23711340206185566
7 0.4914383561643836 0.8144329896907216 0.05136986301369863 0.23711340206185566
6 0.3715753424657534 0.8195876288659794 0.05136986301369863 0.23711340206185566
6 0.7842465753424658 0.8195876288659794 0.0547945205479452 0.23711340206185566
9 0.7191780821917808 0.8144329896907216 0.05136986301369863 0.23711340206185566