0 0.18297101449275363 0.886986301369863 0.050724637681159424 0.14383561643835616
6 0.47644927536231885 0.8801369863013698 0.04710144927536232 0.14383561643835616
0 0.2427536231884058 0.886986301369863 0.050724637681159424 0.1506849315068493
0 0.302536231884058 0.8835616438356164 0.050724637681159424 0.1506849315068493
6 0.6920289855072463 0.8732876712328768 0.050724637681159424 0.1506849315068493
0 0.5778985507246377 0.8732876712328768 0.050724637681159424 0.1506849315068493
1 0.6376811594202898 0.8767123287671232 0.043478260869565216 0.14383561643835616
4 0.75 0.8698630136986302 0.050724637681159424 0.1506849315068493
4 0.06159420289855073 0.8904109589041096 0.050724637681159424 0.1506849315068493
9 0.42028985507246375 0.8835616438356164 0.04710144927536232 0.14383561643835616
7 0.8641304347826086 0.8732876712328768 0.050724637681159424 0.1506849315068493
1 0.3641304347826087 0.886986301369863 0.043478260869565216 0.1506849315068493
4 0.8079710144927537 0.8698630136986302 0.050724637681159424 0.1506849315068493