8 0.7152173913043478 0.8916666666666667 0.05217391304347826 0.13333333333333333
2 0.36086956521739133 0.8875 0.05217391304347826 0.14166666666666666
5 0.6565217391304348 0.8916666666666667 0.04782608695652174 0.13333333333333333
0 0.5956521739130435 0.8916666666666667 0.05217391304347826 0.13333333333333333
0 0.17173913043478262 0.8833333333333333 0.05217391304347826 0.13333333333333333
0 0.23478260869565218 0.8833333333333333 0.05217391304347826 0.13333333333333333
0 0.48695652173913045 0.8875 0.05217391304347826 0.13333333333333333
1 0.782608695652174 0.8916666666666667 0.043478260869565216 0.13333333333333333
7 0.8956521739130435 0.8875 0.04782608695652174 0.14166666666666666
1 0.8391304347826087 0.8916666666666667 0.043478260869565216 0.13333333333333333
4 0.06739130434782609 0.8833333333333333 0.05217391304347826 0.14166666666666666
9 0.4260869565217391 0.8916666666666667 0.05217391304347826 0.13333333333333333
9 0.29782608695652174 0.8875 0.05217391304347826 0.13333333333333333