2 0.31514084507042256 0.9017857142857143 0.056338028169014086 0.16071428571428573
0 0.2482394366197183 0.8988095238095238 0.056338028169014086 0.16071428571428573
9 0.75 0.8839285714285714 0.04929577464788732 0.15476190476190477
9 0.8063380281690141 0.8779761904761905 0.045774647887323945 0.1488095238095238
3 0.6919014084507042 0.8898809523809523 0.04929577464788732 0.15476190476190477
0 0.1813380281690141 0.8958333333333334 0.056338028169014086 0.15476190476190477
0 0.6285211267605634 0.8898809523809523 0.0528169014084507 0.15476190476190477
6 0.8573943661971831 0.8720238095238095 0.04225352112676056 0.1488095238095238
4 0.056338028169014086 0.8928571428571429 0.04929577464788732 0.1488095238095238
1 0.5193661971830986 0.8928571428571429 0.045774647887323945 0.14285714285714285
4 0.38380281690140844 0.8988095238095238 0.0528169014084507 0.1488095238095238
4 0.4507042253521127 0.8988095238095238 0.0528169014084507 0.1488095238095238
6 0.9066901408450704 0.8660714285714286 0.03873239436619718 0.13690476190476192