8 0.47900763358778625 0.6666666666666666 0.04961832061068702 0.1292517006802721
2 0.5744274809160306 0.717687074829932 0.05343511450381679 0.14285714285714285
6 0.7404580152671756 0.7959183673469388 0.04580152671755725 0.1360544217687075
2 0.8530534351145038 0.8537414965986394 0.04961832061068702 0.1360544217687075
8 0.799618320610687 0.826530612244898 0.04580152671755725 0.1360544217687075
3 0.366412213740458 0.608843537414966 0.05343511450381679 0.14285714285714285
0 0.6316793893129771 0.7380952380952381 0.05343511450381679 0.1292517006802721
0 0.3110687022900763 0.5782312925170068 0.05725190839694656 0.1292517006802721
0 0.25763358778625955 0.5510204081632653 0.05725190839694656 0.1360544217687075
0 0.6870229007633588 0.7687074829931972 0.05343511450381679 0.1360544217687075
0 0.20038167938931298 0.5204081632653061 0.05343511450381679 0.1292517006802721
7 0.42748091603053434 0.6428571428571429 0.03816793893129771 0.1360544217687075
8 0.06450381679389312 0.44346938775510203 0.05125954198473282 0.135578231292517