2 0.42857142857142855 0.8866666666666667 0.05042016806722689 0.11333333333333333
8 0.36554621848739494 0.8866666666666667 0.05042016806722689 0.11333333333333333
4 0.7794117647058824 0.8833333333333333 0.046218487394957986 0.11333333333333333
0 0.1722689075630252 0.89 0.046218487394957986 0.11333333333333333
6 0.9033613445378151 0.88 0.046218487394957986 0.11333333333333333
5 0.49159663865546216 0.8833333333333333 0.05042016806722689 0.11333333333333333
4 0.7163865546218487 0.8833333333333333 0.046218487394957986 0.11333333333333333
0 0.23529411764705882 0.8866666666666667 0.05042016806722689 0.11333333333333333
5 0.5882352941176471 0.8833333333333333 0.046218487394957986 0.11333333333333333
0 0.6512605042016807 0.88 0.05042016806722689 0.10666666666666667
4 0.8403361344537815 0.88 0.046218487394957986 0.10666666666666667
6 0.3004201680672269 0.8866666666666667 0.05042016806722689 0.11333333333333333
4 0.07142857142857142 0.8933333333333333 0.046218487394957986 0.11333333333333333