2 0.46078431372549017 0.8422459893048129 0.051470588235294115 0.18716577540106952
2 0.7340686274509803 0.8449197860962567 0.051470588235294115 0.18716577540106952
8 0.4007352941176471 0.8422459893048129 0.05392156862745098 0.18181818181818182
4 0.7904411764705882 0.8422459893048129 0.051470588235294115 0.18716577540106952
5 0.34068627450980393 0.839572192513369 0.049019607843137254 0.18181818181818182
0 0.5575980392156863 0.839572192513369 0.05392156862745098 0.18181818181818182
0 0.2818627450980392 0.8368983957219251 0.056372549019607844 0.18181818181818182
6 0.616421568627451 0.8422459893048129 0.05392156862745098 0.18716577540106952
5 0.22303921568627452 0.839572192513369 0.049019607843137254 0.18716577540106952
0 0.8492647058823529 0.8422459893048129 0.05392156862745098 0.18181818181818182
5 0.041666666666666664 0.8368983957219251 0.051470588235294115 0.18716577540106952
0 0.1642156862745098 0.8368983957219251 0.05392156862745098 0.18181818181818182
3 0.6752450980392157 0.839572192513369 0.056372549019607844 0.1925133689839572