8 0.05380577427821522 0.8076923076923077 0.04461942257217848 0.15384615384615385
8 0.4251968503937008 0.8076923076923077 0.04461942257217848 0.14792899408284024
3 0.3031496062992126 0.8076923076923077 0.047244094488188976 0.14792899408284024
5 0.8175853018372703 0.8047337278106509 0.04199475065616798 0.14201183431952663
3 0.6391076115485564 0.8076923076923077 0.04461942257217848 0.14792899408284024
0 0.48556430446194226 0.8047337278106509 0.04461942257217848 0.14201183431952663
3 0.7585301837270341 0.8076923076923077 0.04461942257217848 0.14792899408284024
0 0.18503937007874016 0.8076923076923077 0.04199475065616798 0.14792899408284024
0 0.699475065616798 0.8076923076923077 0.04461942257217848 0.14201183431952663
0 0.2440944881889764 0.8076923076923077 0.04461942257217848 0.14792899408284024
0 0.5800524934383202 0.8076923076923077 0.04461942257217848 0.14792899408284024
9 0.8753280839895013 0.8076923076923077 0.04461942257217848 0.14201183431952663
0 0.3648293963254593 0.8076923076923077 0.04461942257217848 0.14792899408284024