2 0.21385542168674698 0.09417040358744394 0.05421686746987952 0.11210762331838565
8 0.3930722891566265 0.10986547085201794 0.05120481927710843 0.10762331838565023
8 0.27259036144578314 0.10089686098654709 0.05120481927710843 0.10762331838565023
0 0.8448795180722891 0.12556053811659193 0.04819277108433735 0.1031390134529148
0 0.6701807228915663 0.11883408071748879 0.04819277108433735 0.1031390134529148
8 0.33433734939759036 0.10538116591928251 0.05120481927710843 0.10762331838565023
0 0.7876506024096386 0.12331838565022421 0.04819277108433735 0.10762331838565023
4 0.9397590361445783 0.12331838565022421 0.05120481927710843 0.09865470852017937
0 0.45180722891566266 0.10762331838565023 0.04819277108433735 0.1031390134529148
6 0.7289156626506024 0.1210762331838565 0.04819277108433735 0.1031390134529148
7 0.552710843373494 0.11434977578475336 0.05421686746987952 0.1031390134529148
2 0.15210843373493976 0.09192825112107623 0.05120481927710843 0.10762331838565023
6 0.6114457831325302 0.11659192825112108 0.05120481927710843 0.1031390134529148