8 0.7070484581497798 0.9106145251396648 0.048458149779735685 0.09497206703910614
8 0.2907488986784141 0.9134078212290503 0.05286343612334802 0.0893854748603352
8 0.5837004405286343 0.9106145251396648 0.05286343612334802 0.0893854748603352
2 0.47577092511013214 0.9106145251396648 0.05286343612334802 0.1005586592178771
9 0.3524229074889868 0.9106145251396648 0.05286343612334802 0.09497206703910614
2 0.6431718061674009 0.9106145251396648 0.048458149779735685 0.09497206703910614
0 0.16519823788546256 0.9134078212290503 0.05286343612334802 0.09497206703910614
1 0.8259911894273128 0.9106145251396648 0.04405286343612335 0.0893854748603352
4 0.05726872246696035 0.9189944134078212 0.05286343612334802 0.09497206703910614
0 0.7687224669603524 0.9078212290502793 0.05286343612334802 0.09497206703910614
5 0.8920704845814978 0.9078212290502793 0.05286343612334802 0.1005586592178771
0 0.2290748898678414 0.9134078212290503 0.05286343612334802 0.09497206703910614
1 0.41409691629955947 0.9134078212290503 0.04405286343612335 0.0893854748603352