8 0.4787234042553192 0.775 0.05319148936170213 0.23333333333333334
8 0.35638297872340424 0.7708333333333334 0.05319148936170213 0.25
0 0.41888297872340424 0.7666666666666667 0.05585106382978723 0.25
0 0.7061170212765957 0.7666666666666667 0.05851063829787234 0.25833333333333336
5 0.7659574468085106 0.7666666666666667 0.05585106382978723 0.25833333333333336
6 0.5837765957446809 0.7708333333333334 0.05851063829787234 0.25
0 0.23537234042553193 0.7666666666666667 0.05851063829787234 0.25
0 0.17287234042553193 0.7666666666666667 0.05585106382978723 0.24166666666666667
5 0.6449468085106383 0.7666666666666667 0.05585106382978723 0.25
4 0.04654255319148936 0.7833333333333333 0.05585106382978723 0.23333333333333334
0 0.8284574468085106 0.7625 0.06382978723404255 0.25
5 0.29521276595744683 0.7666666666666667 0.05319148936170213 0.25
7 0.8896276595744681 0.7625 0.05053191489361702 0.24166666666666667