2 0.29482758620689653 0.8645833333333334 0.05172413793103448 0.11458333333333333
2 0.7103448275862069 0.8723958333333334 0.05172413793103448 0.11458333333333333
0 0.16724137931034483 0.8619791666666666 0.05172413793103448 0.109375
4 0.06379310344827586 0.8619791666666666 0.05172413793103448 0.109375
0 0.4810344827586207 0.8645833333333334 0.05172413793103448 0.109375
0 0.23275862068965517 0.8619791666666666 0.05517241379310345 0.11458333333333333
1 0.6517241379310345 0.8723958333333334 0.04827586206896552 0.10416666666666667
4 0.4189655172413793 0.8645833333333334 0.05172413793103448 0.109375
0 0.5879310344827586 0.8671875 0.05517241379310345 0.109375
3 0.7741379310344828 0.8697916666666666 0.05172413793103448 0.11458333333333333
5 0.8327586206896552 0.8723958333333334 0.05172413793103448 0.11458333333333333
4 0.8931034482758621 0.875 0.05172413793103448 0.109375
9 0.3568965517241379 0.8645833333333334 0.05172413793103448 0.10416666666666667