0 0.1884328358208955 0.8917910447761194 0.05223880597014925 0.1044776119402985
4 0.061567164179104475 0.9029850746268657 0.04477611940298507 0.13432835820895522
3 0.43470149253731344 0.8992537313432836 0.048507462686567165 0.1044776119402985
2 0.373134328358209 0.8992537313432836 0.04477611940298507 0.1044776119402985
0 0.25 0.8955223880597015 0.055970149253731345 0.11194029850746269
8 0.4944029850746269 0.8992537313432836 0.04477611940298507 0.09701492537313433
5 0.7798507462686567 0.8955223880597015 0.05223880597014925 0.06716417910447761
6 0.30970149253731344 0.9029850746268657 0.048507462686567165 0.11194029850746269
4 0.6586194029850746 0.9003731343283583 0.05026119402985075 0.08208955223880597
0 0.5970149253731343 0.9029850746268657 0.055970149253731345 0.08955223880597014
8 0.835820895522388 0.9029850746268657 0.048507462686567165 0.06716417910447761
0 0.7199626865671641 0.9004477611940298 0.05522388059701493 0.0832089552238806