4 0.05252918287937743 0.8545454545454545 0.04669260700389105 0.17272727272727273
0 0.17509727626459143 0.85 0.05058365758754864 0.17272727272727273
0 0.9182879377431906 0.85 0.05058365758754864 0.17272727272727273
0 0.5972762645914397 0.85 0.04669260700389105 0.17272727272727273
0 0.6614785992217899 0.85 0.05058365758754864 0.17272727272727273
0 0.24124513618677043 0.85 0.05058365758754864 0.18181818181818182
4 0.30544747081712065 0.8545454545454545 0.05058365758754864 0.18181818181818182
6 0.8540856031128404 0.85 0.05058365758754864 0.17272727272727273
5 0.433852140077821 0.85 0.04669260700389105 0.18181818181818182
6 0.7898832684824902 0.85 0.05058365758754864 0.17272727272727273
3 0.36770428015564205 0.8545454545454545 0.054474708171206226 0.18181818181818182
3 0.4961089494163424 0.85 0.054474708171206226 0.18181818181818182
3 0.72568093385214 0.85 0.05058365758754864 0.18181818181818182