2 0.6559139784946236 0.8615384615384616 0.053763440860215055 0.16923076923076924
4 0.06451612903225806 0.8346153846153846 0.04659498207885305 0.16153846153846155
0 0.15949820788530467 0.8461538461538461 0.05017921146953405 0.16153846153846155
5 0.7186379928315412 0.8576923076923076 0.053763440860215055 0.16923076923076924
5 0.478494623655914 0.8692307692307693 0.053763440860215055 0.16923076923076924
1 0.2867383512544803 0.8615384615384616 0.04659498207885305 0.16153846153846155
8 0.34946236559139787 0.8653846153846154 0.053763440860215055 0.16153846153846155
0 0.2222222222222222 0.8538461538461538 0.053763440860215055 0.16153846153846155
1 0.7831541218637993 0.8461538461538461 0.043010752688172046 0.15384615384615385
4 0.8387096774193549 0.8384615384615385 0.04659498207885305 0.15384615384615385
4 0.41397849462365593 0.8692307692307693 0.053763440860215055 0.16923076923076924
5 0.5913978494623656 0.8653846153846154 0.053763440860215055 0.16923076923076924
3 0.8942652329749103 0.8269230769230769 0.04659498207885305 0.16923076923076924