8 0.735494880546075 0.8455284552845529 0.040955631399317405 0.16260162601626016
2 0.5477815699658704 0.8455284552845529 0.040955631399317405 0.15447154471544716
3 0.45051194539249145 0.8495934959349594 0.03754266211604096 0.15447154471544716
4 0.6109215017064846 0.8495934959349594 0.04436860068259386 0.15447154471544716
0 0.14675767918088736 0.8455284552845529 0.040955631399317405 0.15447154471544716
5 0.6706484641638225 0.8455284552845529 0.040955631399317405 0.15447154471544716
4 0.8617747440273038 0.8495934959349594 0.04436860068259386 0.14634146341463414
0 0.20648464163822525 0.8455284552845529 0.04436860068259386 0.16260162601626016
3 0.3873720136518771 0.8495934959349594 0.040955631399317405 0.15447154471544716
4 0.051194539249146756 0.8536585365853658 0.03754266211604096 0.13821138211382114
1 0.7986348122866894 0.8455284552845529 0.040955631399317405 0.16260162601626016
1 0.26621160409556316 0.8455284552845529 0.03754266211604096 0.16260162601626016
1 0.32764505119453924 0.8495934959349594 0.040955631399317405 0.15447154471544716