2 0.4891696750902527 0.8818681318681318 0.05956678700361011 0.13186813186813187
2 0.7175090252707581 0.8804945054945055 0.061371841155234655 0.12637362637362637
5 0.5884476534296029 0.8818681318681318 0.06498194945848375 0.13186813186813187
0 0.2996389891696751 0.8804945054945055 0.0631768953068592 0.12912087912087913
4 0.052346570397111915 0.8736263736263736 0.052346570397111915 0.12637362637362637
0 0.1759927797833935 0.8777472527472527 0.05595667870036101 0.12637362637362637
4 0.776173285198556 0.8804945054945055 0.05054151624548736 0.12637362637362637
1 0.8411552346570397 0.8818681318681318 0.04512635379061372 0.12362637362637363
4 0.361913357400722 0.8804945054945055 0.05415162454873646 0.12912087912087913
0 0.6543321299638989 0.8791208791208791 0.0631768953068592 0.12912087912087913
9 0.4259927797833935 0.8804945054945055 0.061371841155234655 0.13186813186813187
0 0.23736462093862815 0.8804945054945055 0.05956678700361011 0.12912087912087913
5 0.898014440433213 0.8791208791208791 0.052346570397111915 0.12637362637362637