2 0.888 0.6464435146443515 0.152 0.058577405857740586
1 0.896 0.29916317991631797 0.136 0.04602510460251046
8 0.892 0.3577405857740586 0.144 0.06276150627615062
4 0.876 0.9414225941422594 0.152 0.06276150627615062
1 0.88 0.7740585774058577 0.144 0.04602510460251046
0 0.888 0.5209205020920502 0.144 0.06276150627615062
5 0.9 0.23430962343096234 0.144 0.06276150627615062
0 0.888 0.5857740585774058 0.152 0.06276150627615062
8 0.888 0.4205020920502092 0.144 0.06276150627615062
0 0.884 0.8368200836820083 0.144 0.06694560669456066
3 0.88 0.7071129707112971 0.152 0.06276150627615062
5 0.904 0.17154811715481172 0.144 0.058577405857740586
9 0.908 0.1108786610878661 0.144 0.058577405857740586