0 0.5961538461538461 0.16535433070866143 0.05128205128205128 0.2125984251968504
0 0.5352564102564102 0.16535433070866143 0.05448717948717949 0.2125984251968504
4 0.3076923076923077 0.17716535433070865 0.05128205128205128 0.2125984251968504
0 0.4310897435897436 0.16929133858267717 0.05448717948717949 0.2125984251968504
0 0.8397435897435898 0.15354330708661418 0.05448717948717949 0.2125984251968504
1 0.7740384615384616 0.14960629921259844 0.04807692307692308 0.2125984251968504
3 0.7163461538461539 0.15748031496062992 0.05448717948717949 0.2125984251968504
4 0.9647435897435898 0.14566929133858267 0.05128205128205128 0.2283464566929134
3 0.655448717948718 0.16141732283464566 0.05128205128205128 0.2047244094488189
3 0.3685897435897436 0.1732283464566929 0.05128205128205128 0.2125984251968504
4 0.1875 0.1732283464566929 0.05128205128205128 0.2125984251968504
9 0.12980769230769232 0.1732283464566929 0.05128205128205128 0.1968503937007874
7 0.2467948717948718 0.16141732283464566 0.041666666666666664 0.1889763779527559