2 0.8903878583473862 0.9572192513368984 0.047217537942664416 0.0855614973262032
8 0.8296795952782462 0.9598930481283422 0.05396290050590219 0.08021390374331551
8 0.7082630691399663 0.9652406417112299 0.050590219224283306 0.06951871657754011
0 0.47470489038785835 0.9665775401069518 0.05564924114671164 0.06684491978609626
0 0.5826306913996627 0.9665775401069518 0.05733558178752108 0.06684491978609626
4 0.7689713322091062 0.9625668449197861 0.050590219224283306 0.0748663101604278
1 0.22765598650927488 0.9692513368983957 0.047217537942664416 0.06149732620320856
6 0.6458684654300169 0.9652406417112299 0.048903878583473864 0.06951871657754011
0 0.28836424957841483 0.9665775401069518 0.05733558178752108 0.06684491978609626
0 0.4114671163575042 0.9665775401069518 0.05733558178752108 0.06684491978609626
6 0.16779089376053963 0.9679144385026738 0.048903878583473864 0.06417112299465241
4 0.3490725126475548 0.9679144385026738 0.047217537942664416 0.06417112299465241
7 0.04775716694772344 0.9647860962566844 0.0512141652613828 0.07040106951871657