2 0.47 0.8974358974358975 0.052 0.12179487179487179
0 0.284 0.8942307692307693 0.052 0.11538461538461539
8 0.408 0.8942307692307693 0.056 0.11538461538461539
0 0.222 0.8942307692307693 0.052 0.11538461538461539
0 0.162 0.8910256410256411 0.052 0.11538461538461539
0 0.636 0.8942307692307693 0.052 0.12179487179487179
4 0.07 0.8942307692307693 0.056 0.11538461538461539
2 0.884 0.8974358974358975 0.052 0.12179487179487179
1 0.766 0.8974358974358975 0.048 0.11538461538461539
1 0.578 0.8974358974358975 0.044 0.11538461538461539
9 0.824 0.8942307692307693 0.056 0.11538461538461539
4 0.698 0.8974358974358975 0.052 0.11538461538461539
5 0.346 0.8942307692307693 0.052 0.11538461538461539