2 0.6895833333333333 0.8602150537634409 0.04583333333333333 0.1827956989247312
5 0.4875 0.8602150537634409 0.05 0.1827956989247312
4 0.05416666666666667 0.8279569892473119 0.05 0.1827956989247312
3 0.8479166666666667 0.8387096774193549 0.04583333333333333 0.1827956989247312
0 0.2708333333333333 0.8494623655913979 0.05 0.1827956989247312
6 0.32708333333333334 0.8548387096774194 0.05416666666666667 0.1827956989247312
0 0.21666666666666667 0.8494623655913979 0.04583333333333333 0.1827956989247312
9 0.7958333333333333 0.8494623655913979 0.05 0.1935483870967742
3 0.38125 0.8548387096774194 0.04583333333333333 0.1827956989247312
0 0.74375 0.8494623655913979 0.05 0.1827956989247312
9 0.43333333333333335 0.8602150537634409 0.05 0.1827956989247312
9 0.6374583333333333 0.8665591397849463 0.054875 0.19322580645161289
6 0.583875 0.8645161290322582 0.05091666666666667 0.19731182795698926