2 0.24369747899159663 0.6407103825136612 0.23529411764705882 0.0546448087431694
2 0.24369747899159663 0.5819672131147541 0.23529411764705882 0.0546448087431694
2 0.24789915966386555 0.35792349726775957 0.24369747899159663 0.0546448087431694
4 0.24369747899159663 0.7008196721311475 0.23529411764705882 0.0546448087431694
1 0.24789915966386555 0.4781420765027322 0.23529411764705882 0.04644808743169399
7 0.25210084033613445 0.4180327868852459 0.24369747899159663 0.05737704918032787
4 0.24789915966386555 0.7595628415300546 0.23529411764705882 0.05191256830601093
8 0.25630252100840334 0.8183060109289617 0.23529411764705882 0.05191256830601093
0 0.2605042016806723 0.29508196721311475 0.24369747899159663 0.060109289617486336
6 0.2641176470588235 0.8772131147540984 0.2204201680672269 0.049535519125683054
0 0.27050420168067224 0.23322404371584698 0.25478991596638656 0.06150273224043716
0 0.2778991596638655 0.16702185792349727 0.2534453781512605 0.06038251366120219
2 0.2785714285714286 0.023633879781420765 0.26554621848739496 0.04726775956284153