8 0.484472049689441 0.7138157894736842 0.07453416149068323 0.07236842105263158
6 0.4331055900621118 0.7574342105263158 0.07453416149068323 0.07236842105263158
0 0.6739130434782609 0.5493421052631579 0.08074534161490683 0.07894736842105263
0 0.38956521739130434 0.8019078947368421 0.08298136645962732 0.0769078947368421
0 0.34006211180124224 0.8457236842105263 0.07012422360248446 0.0769736842105263
4 0.26285714285714284 0.915921052631579 0.0713664596273292 0.0769736842105263
7 0.5286956521739131 0.6707894736842105 0.06975155279503106 0.08473684210526317
4 0.5886956521739131 0.6245394736842106 0.07391304347826087 0.07638157894736841
3 0.7222360248447205 0.5030921052631578 0.07602484472049689 0.08243421052631579
7 0.7675776397515528 0.45592105263157895 0.08055900621118013 0.07585526315789473
3 0.8253416149068322 0.4094736842105263 0.07683229813664595 0.08105263157894738
4 0.8768944099378883 0.35947368421052633 0.07726708074534161 0.07578947368421052
6 0.9360869565217392 0.32092105263157894 0.06652173913043478 0.08276315789473684