3 0.33254716981132076 0.8956043956043956 0.05660377358490566 0.18681318681318682
2 0.8113207547169812 0.8956043956043956 0.05188679245283019 0.18681318681318682
5 0.6297169811320755 0.9010989010989011 0.05188679245283019 0.18681318681318682
3 0.3938679245283019 0.9010989010989011 0.05188679245283019 0.18681318681318682
0 0.2688679245283019 0.8956043956043956 0.05188679245283019 0.18681318681318682
0 0.2099056603773585 0.8901098901098901 0.05188679245283019 0.18681318681318682
0 0.5660377358490566 0.8956043956043956 0.05188679245283019 0.18681318681318682
0 0.1509433962264151 0.8846153846153846 0.04716981132075472 0.18681318681318682
7 0.7547169811320755 0.8956043956043956 0.05660377358490566 0.1978021978021978
9 0.45754716981132076 0.9010989010989011 0.05188679245283019 0.18681318681318682
7 0.6933962264150944 0.9010989010989011 0.05660377358490566 0.1978021978021978
4 0.04245283018867924 0.8736263736263736 0.04245283018867924 0.18681318681318682
6 0.8679245283018868 0.8846153846153846 0.04716981132075472 0.18681318681318682