3 0.4940239043824701 0.8978102189781022 0.05179282868525897 0.15328467153284672
4 0.4342629482071713 0.8978102189781022 0.05179282868525897 0.145985401459854
2 0.7749003984063745 0.9124087591240876 0.04780876494023904 0.15328467153284672
0 0.1892430278884462 0.8832116788321168 0.05179282868525897 0.15328467153284672
9 0.7171314741035857 0.9124087591240876 0.05179282868525897 0.145985401459854
0 0.5976095617529881 0.9051094890510949 0.05179282868525897 0.15328467153284672
4 0.061752988047808766 0.8832116788321168 0.05179282868525897 0.15328467153284672
0 0.250996015936255 0.8868613138686131 0.05179282868525897 0.15328467153284672
1 0.3147410358565737 0.8941605839416058 0.04780876494023904 0.145985401459854
5 0.8326693227091634 0.9197080291970803 0.04780876494023904 0.15328467153284672
0 0.8904382470119522 0.9197080291970803 0.05179282868525897 0.15328467153284672
7 0.6593625498007968 0.9087591240875912 0.05179282868525897 0.145985401459854
7 0.3745019920318725 0.8941605839416058 0.055776892430278883 0.15328467153284672