3 0.28293413173652693 0.8837209302325582 0.059880239520958084 0.13023255813953488
3 0.6931137724550899 0.8883720930232558 0.059880239520958084 0.13023255813953488
8 0.7604790419161677 0.8906976744186047 0.059880239520958084 0.13023255813953488
9 0.47904191616766467 0.8860465116279069 0.05389221556886228 0.12558139534883722
9 0.41467065868263475 0.8837209302325582 0.05688622754491018 0.12558139534883722
4 0.04640718562874251 0.8790697674418605 0.05688622754491018 0.13023255813953488
0 0.15119760479041916 0.8790697674418605 0.05688622754491018 0.12558139534883722
0 0.34880239520958084 0.8813953488372093 0.05688622754491018 0.12558139534883722
0 0.8922155688622755 0.8906976744186047 0.05688622754491018 0.13023255813953488
0 0.562874251497006 0.8837209302325582 0.05389221556886228 0.12558139534883722
1 0.8233532934131736 0.8930232558139535 0.05089820359281437 0.12558139534883722
1 0.21407185628742514 0.8837209302325582 0.05089820359281437 0.12558139534883722
0 0.6287425149700598 0.8860465116279069 0.05688622754491018 0.13023255813953488