8 0.726962457337884 0.9327956989247311 0.051194539249146756 0.11290322580645161
8 0.3293515358361775 0.9354838709677419 0.04778156996587031 0.10215053763440861
2 0.8430034129692833 0.9274193548387096 0.04778156996587031 0.11290322580645161
8 0.040955631399317405 0.9354838709677419 0.04778156996587031 0.10215053763440861
0 0.15870307167235495 0.9220430107526881 0.04778156996587031 0.10215053763440861
0 0.447098976109215 0.9301075268817204 0.04778156996587031 0.11290322580645161
0 0.6672354948805461 0.9327956989247311 0.04778156996587031 0.11290322580645161
0 0.6075085324232082 0.9327956989247311 0.051194539249146756 0.10752688172043011
5 0.5477815699658704 0.9301075268817204 0.04778156996587031 0.11290322580645161
7 0.21160409556313994 0.9274193548387096 0.04778156996587031 0.10215053763440861
1 0.39078498293515357 0.9354838709677419 0.040955631399317405 0.10752688172043011
6 0.27303754266211605 0.9301075268817204 0.04778156996587031 0.0967741935483871
7 0.7849829351535836 0.9274193548387096 0.051194539249146756 0.11827956989247312