8 0.30035971223021585 0.9289617486338798 0.050359712230215826 0.11475409836065574
8 0.8453237410071942 0.9316939890710383 0.050359712230215826 0.11475409836065574
3 0.6205035971223022 0.9289617486338798 0.050359712230215826 0.11475409836065574
0 0.7338129496402878 0.9289617486338798 0.050359712230215826 0.11475409836065574
4 0.07553956834532374 0.9262295081967213 0.050359712230215826 0.12021857923497267
4 0.3579136690647482 0.9289617486338798 0.050359712230215826 0.11475409836065574
0 0.2446043165467626 0.9262295081967213 0.046762589928057555 0.11475409836065574
0 0.18884892086330934 0.9262295081967213 0.050359712230215826 0.11475409836065574
0 0.6762589928057554 0.9289617486338798 0.050359712230215826 0.11475409836065574
5 0.4694244604316547 0.9289617486338798 0.050359712230215826 0.11475409836065574
0 0.564748201438849 0.9289617486338798 0.050359712230215826 0.11475409836065574
3 0.4136690647482014 0.9289617486338798 0.050359712230215826 0.11475409836065574
1 0.7913669064748201 0.9316939890710383 0.039568345323741004 0.1092896174863388