2 0.7548701298701299 0.8343023255813954 0.05194805194805195 0.1511627906976744
2 0.8782467532467533 0.8372093023255814 0.048701298701298704 0.1511627906976744
8 0.06168831168831169 0.8255813953488372 0.048701298701298704 0.14534883720930233
6 0.5714285714285714 0.8313953488372093 0.05194805194805195 0.14534883720930233
0 0.1590909090909091 0.8226744186046512 0.048701298701298704 0.14534883720930233
3 0.4025974025974026 0.8284883720930233 0.05519480519480519 0.1569767441860465
8 0.6948051948051948 0.8313953488372093 0.048701298701298704 0.14534883720930233
0 0.21915584415584416 0.8255813953488372 0.05194805194805195 0.14534883720930233
7 0.4642857142857143 0.8284883720930233 0.05519480519480519 0.1511627906976744
0 0.6314935064935064 0.8313953488372093 0.05194805194805195 0.14534883720930233
1 0.8214285714285714 0.8372093023255814 0.048701298701298704 0.14534883720930233
4 0.28084415584415584 0.8313953488372093 0.048701298701298704 0.1511627906976744
5 0.3409090909090909 0.8313953488372093 0.048701298701298704 0.1511627906976744