2 0.05635838150289017 0.7307692307692307 0.05202312138728324 0.25
2 0.861271676300578 0.75 0.049132947976878616 0.2403846153846154
8 0.5722543352601156 0.7451923076923077 0.046242774566473986 0.2403846153846154
0 0.24421965317919075 0.7355769230769231 0.049132947976878616 0.2403846153846154
0 0.3020231213872832 0.7403846153846154 0.049132947976878616 0.2403846153846154
8 0.7442196531791907 0.7451923076923077 0.046242774566473986 0.2403846153846154
1 0.6864161849710982 0.7548076923076923 0.04046242774566474 0.2403846153846154
9 0.6315028901734104 0.7451923076923077 0.049132947976878616 0.2403846153846154
0 0.18497109826589594 0.7355769230769231 0.049132947976878616 0.2403846153846154
5 0.4147398843930636 0.75 0.049132947976878616 0.2403846153846154
0 0.8034682080924855 0.7451923076923077 0.049132947976878616 0.23076923076923078
4 0.4725433526011561 0.7548076923076923 0.049132947976878616 0.25
3 0.36127167630057805 0.7403846153846154 0.049132947976878616 0.25