8 0.8244444444444444 0.7916666666666666 0.044444444444444446 0.1388888888888889
2 0.8844444444444445 0.7870370370370371 0.044444444444444446 0.14814814814814814
0 0.34444444444444444 0.8379629629629629 0.044444444444444446 0.1388888888888889
0 0.15777777777777777 0.8564814814814815 0.044444444444444446 0.1388888888888889
0 0.22 0.8518518518518519 0.044444444444444446 0.1388888888888889
0 0.7 0.8009259259259259 0.044444444444444446 0.1388888888888889
4 0.4066666666666667 0.8379629629629629 0.044444444444444446 0.1388888888888889
1 0.7577777777777778 0.8009259259259259 0.04 0.1388888888888889
1 0.5711111111111111 0.8194444444444444 0.04 0.1388888888888889
7 0.64 0.8101851851851852 0.044444444444444446 0.14814814814814814
4 0.06666666666666667 0.8657407407407407 0.044444444444444446 0.1388888888888889
1 0.27555555555555555 0.8518518518518519 0.04 0.1388888888888889
4 0.4688888888888889 0.8287037037037037 0.04 0.1388888888888889