2 0.954225352112676 0.08653846153846154 0.04929577464788732 0.10096153846153846
0 0.8591549295774648 0.0889423076923077 0.045774647887323945 0.09615384615384616
0 0.6848591549295775 0.0889423076923077 0.04929577464788732 0.09615384615384616
0 0.625 0.0889423076923077 0.04929577464788732 0.09615384615384616
0 0.801056338028169 0.0889423076923077 0.04929577464788732 0.09615384615384616
2 0.1637323943661972 0.08413461538461539 0.0528169014084507 0.10096153846153846
5 0.4647887323943662 0.0889423076923077 0.04929577464788732 0.09615384615384616
7 0.7429577464788732 0.0889423076923077 0.0528169014084507 0.10096153846153846
1 0.5651408450704225 0.08653846153846154 0.03873239436619718 0.09615384615384616
1 0.22464788732394364 0.08581730769230769 0.03468309859154929 0.09586538461538462
3 0.28644366197183097 0.08865384615384617 0.04556338028169014 0.0945673076923077
7 0.41031690140845073 0.08951923076923077 0.0475 0.09283653846153846