2 0.20793650793650795 0.8857142857142857 0.05714285714285714 0.10714285714285714
3 0.8111111111111111 0.8821428571428571 0.05396825396825397 0.10714285714285714
7 0.3333333333333333 0.8821428571428571 0.05396825396825397 0.10714285714285714
6 0.45714285714285713 0.8857142857142857 0.06031746031746032 0.1
0 0.5603174603174603 0.8821428571428571 0.05714285714285714 0.1
6 0.6238095238095238 0.8821428571428571 0.05396825396825397 0.1
7 0.8746031746031746 0.8785714285714286 0.05714285714285714 0.10714285714285714
0 0.2698412698412698 0.8857142857142857 0.05714285714285714 0.1
0 0.1380952380952381 0.8857142857142857 0.05396825396825397 0.1
4 0.04126984126984127 0.8821428571428571 0.06031746031746032 0.1
5 0.6857142857142857 0.8821428571428571 0.05396825396825397 0.10714285714285714
1 0.7507936507936508 0.8821428571428571 0.047619047619047616 0.1
1 0.3968253968253968 0.8821428571428571 0.044444444444444446 0.1