1 0.9101123595505618 0.5912863070539419 0.10112359550561797 0.04564315352697095
2 0.9129213483146067 0.5311203319502075 0.10112359550561797 0.05394190871369295
0 0.9297752808988764 0.1825726141078838 0.10674157303370786 0.058091286307053944
0 0.898876404494382 0.7697095435684648 0.10112359550561797 0.05394190871369295
0 0.9241573033707865 0.3049792531120332 0.10112359550561797 0.058091286307053944
0 0.8932584269662921 0.8298755186721992 0.10112359550561797 0.05394190871369295
6 0.9213483146067416 0.36929460580912865 0.10112359550561797 0.058091286307053944
1 0.9185393258426966 0.42946058091286304 0.10112359550561797 0.04564315352697095
0 0.9073033707865169 0.6514522821576764 0.10674157303370786 0.058091286307053944
0 0.9325842696629213 0.11825726141078838 0.10674157303370786 0.058091286307053944
4 0.8904494382022472 0.9481327800829875 0.10674157303370786 0.058091286307053944
5 0.9044943820224719 0.7116182572614108 0.10674157303370786 0.05394190871369295
7 0.9269662921348315 0.24481327800829875 0.10674157303370786 0.058091286307053944