8 0.9438405797101449 0.12051282051282051 0.050724637681159424 0.1076923076923077
4 0.13949275362318841 0.10512820512820513 0.050724637681159424 0.1076923076923077
3 0.7101449275362319 0.11538461538461539 0.050724637681159424 0.1076923076923077
4 0.25905797101449274 0.10512820512820513 0.050724637681159424 0.1076923076923077
0 0.19927536231884058 0.10512820512820513 0.050724637681159424 0.1076923076923077
0 0.769927536231884 0.11794871794871795 0.050724637681159424 0.1076923076923077
0 0.3170289855072464 0.1076923076923077 0.050724637681159424 0.1076923076923077
0 0.8278985507246377 0.11794871794871795 0.050724637681159424 0.1076923076923077
0 0.6539855072463768 0.11538461538461539 0.050724637681159424 0.1076923076923077
0 0.5942028985507246 0.11282051282051282 0.050724637681159424 0.1076923076923077
0 0.5362318840579711 0.11282051282051282 0.050724637681159424 0.1076923076923077
6 0.37681159420289856 0.1076923076923077 0.050724637681159424 0.11282051282051282
3 0.43478260869565216 0.11025641025641025 0.05434782608695652 0.1076923076923077