2 0.29423076923076924 0.9285714285714286 0.046153846153846156 0.10119047619047619
4 0.34807692307692306 0.9255952380952381 0.046153846153846156 0.10119047619047619
4 0.7173076923076923 0.9315476190476191 0.046153846153846156 0.09523809523809523
0 0.18076923076923077 0.9255952380952381 0.046153846153846156 0.10714285714285714
3 0.46153846153846156 0.9285714285714286 0.04230769230769231 0.10714285714285714
0 0.23846153846153847 0.9255952380952381 0.05 0.10714285714285714
4 0.08846153846153847 0.9255952380952381 0.04230769230769231 0.10119047619047619
4 0.6076923076923076 0.9285714285714286 0.046153846153846156 0.10119047619047619
7 0.5557692307692308 0.9255952380952381 0.05 0.10119047619047619
5 0.7730769230769231 0.9285714285714286 0.046153846153846156 0.10714285714285714
7 0.6634615384615384 0.9285714285714286 0.046153846153846156 0.10119047619047619
7 0.40576923076923077 0.9285714285714286 0.046153846153846156 0.10714285714285714
7 0.8288461538461539 0.9285714285714286 0.046153846153846156 0.10119047619047619