4 0.058704453441295545 0.8125 0.05263157894736842 0.25961538461538464
0 0.21862348178137653 0.8076923076923077 0.05263157894736842 0.25961538461538464
2 0.3117408906882591 0.8076923076923077 0.048582995951417005 0.2692307692307692
6 0.45056680161943324 0.8043269230769231 0.05097165991902834 0.2664423076923077
8 0.6214574898785425 0.7980769230769231 0.048582995951417005 0.2692307692307692
2 0.8522267206477733 0.8028846153846154 0.05263157894736842 0.2692307692307692
1 0.2651821862348178 0.8173076923076923 0.04048582995951417 0.25
4 0.3568421052631579 0.8116346153846153 0.04311740890688259 0.26326923076923076
0 0.40048582995951415 0.8067307692307693 0.04668016194331984 0.2683653846153846
0 0.6677732793522267 0.8022115384615385 0.04732793522267206 0.26326923076923076
3 0.7148582995951417 0.8010576923076923 0.04987854251012146 0.2608653846153846
6 0.7613765182186235 0.8000961538461537 0.0497165991902834 0.2627884615384615
6 0.8067611336032389 0.8025 0.045748987854251015 0.2675