1 0.8917525773195877 0.6739130434782609 0.13402061855670103 0.033816425120772944
7 0.8969072164948454 0.7101449275362319 0.13402061855670103 0.03864734299516908
2 0.8917525773195877 0.6328502415458938 0.13402061855670103 0.03864734299516908
0 0.8969072164948454 0.748792270531401 0.13402061855670103 0.03864734299516908
5 0.865979381443299 0.25120772946859904 0.13402061855670103 0.03864734299516908
8 0.8917525773195877 0.5942028985507246 0.13402061855670103 0.03864734299516908
4 0.9175257731958762 0.9444444444444444 0.12371134020618557 0.043478260869565216
0 0.9043298969072164 0.7844927536231884 0.13515463917525772 0.03840579710144928
0 0.8687628865979381 0.36787439613526574 0.13030927835051548 0.03913043478260869
4 0.8687628865979381 0.3298067632850241 0.13030927835051548 0.04072463768115942
5 0.8687628865979381 0.28758454106280196 0.13030927835051548 0.0442512077294686
0 0.8618556701030927 0.21048309178743962 0.14412371134020618 0.042898550724637684
1 0.8597938144329897 0.17178743961352658 0.1345360824742268 0.03193236714975846