3 0.6671686746987951 0.8356164383561644 0.0572289156626506 0.18493150684931506
6 0.6099397590361446 0.8356164383561644 0.05421686746987952 0.1780821917808219
0 0.1686746987951807 0.8287671232876712 0.05421686746987952 0.1780821917808219
5 0.34036144578313254 0.8356164383561644 0.04819277108433735 0.1780821917808219
5 0.22590361445783133 0.8321917808219178 0.05120481927710843 0.18493150684931506
2 0.4563253012048193 0.8356164383561644 0.04819277108433735 0.1780821917808219
5 0.045180722891566265 0.8287671232876712 0.05120481927710843 0.18493150684931506
2 0.7243975903614458 0.8356164383561644 0.05120481927710843 0.1780821917808219
0 0.28313253012048195 0.8321917808219178 0.05421686746987952 0.1780821917808219
8 0.3990963855421687 0.8356164383561644 0.05421686746987952 0.1780821917808219
0 0.8358433734939759 0.8356164383561644 0.05120481927710843 0.1780821917808219
0 0.552710843373494 0.8321917808219178 0.05120481927710843 0.1780821917808219
4 0.7816265060240963 0.8356164383561644 0.04819277108433735 0.1780821917808219