9 0.43636363636363634 0.8486842105263158 0.05454545454545454 0.17105263157894737
2 0.6060606060606061 0.8486842105263158 0.048484848484848485 0.18421052631578946
6 0.8545454545454545 0.8355263157894737 0.05454545454545454 0.18421052631578946
0 0.18484848484848485 0.8618421052631579 0.05454545454545454 0.18421052631578946
2 0.9151515151515152 0.8355263157894737 0.048484848484848485 0.18421052631578946
4 0.05757575757575758 0.868421052631579 0.048484848484848485 0.17105263157894737
0 0.6696969696969697 0.8421052631578947 0.048484848484848485 0.18421052631578946
0 0.37575757575757573 0.8552631578947368 0.048484848484848485 0.17105263157894737
1 0.3151515151515151 0.8618421052631579 0.048484848484848485 0.17105263157894737
5 0.793939393939394 0.8355263157894737 0.048484848484848485 0.18421052631578946
7 0.5 0.8552631578947368 0.05454545454545454 0.18421052631578946
9 0.7303030303030303 0.8421052631578947 0.05454545454545454 0.17105263157894737
1 0.2515151515151515 0.8618421052631579 0.04242424242424243 0.17105263157894737