0 0.585635359116022 0.8487654320987654 0.055248618784530384 0.18518518518518517
0 0.1850828729281768 0.8395061728395061 0.055248618784530384 0.19135802469135801
0 0.2430939226519337 0.8364197530864198 0.055248618784530384 0.19135802469135801
2 0.643646408839779 0.8518518518518519 0.058011049723756904 0.19135802469135801
0 0.8687845303867403 0.8580246913580247 0.055248618784530384 0.18518518518518517
7 0.4212707182320442 0.8395061728395061 0.052486187845303865 0.19753086419753085
1 0.6988950276243094 0.8518518518518519 0.055248618784530384 0.19135802469135801
4 0.058011049723756904 0.8395061728395061 0.055248618784530384 0.19135802469135801
5 0.47928176795580113 0.845679012345679 0.058011049723756904 0.19753086419753085
4 0.7596685082872928 0.8580246913580247 0.04696132596685083 0.18518518518518517
9 0.3632596685082873 0.8425925925925926 0.058011049723756904 0.18518518518518517
6 0.30248618784530384 0.8395061728395061 0.058011049723756904 0.19135802469135801
8 0.8107734806629834 0.8549382716049383 0.049723756906077346 0.18518518518518517