2 0.30310880829015546 0.8737623762376238 0.054404145077720206 0.14356435643564355
2 0.5893782383419689 0.8737623762376238 0.05181347150259067 0.14356435643564355
8 0.7124352331606217 0.8737623762376238 0.05181347150259067 0.14356435643564355
4 0.05310880829015544 0.8787128712871287 0.05181347150259067 0.13861386138613863
8 0.6515544041450777 0.8737623762376238 0.04922279792746114 0.13861386138613863
4 0.3626943005181347 0.8737623762376238 0.04922279792746114 0.13861386138613863
4 0.772020725388601 0.8737623762376238 0.05181347150259067 0.13861386138613863
0 0.1800518134715026 0.8737623762376238 0.05181347150259067 0.13861386138613863
1 0.8380829015544041 0.8737623762376238 0.046632124352331605 0.13861386138613863
1 0.2422279792746114 0.8737623762376238 0.04404145077720207 0.13861386138613863
7 0.48575129533678757 0.8737623762376238 0.04922279792746114 0.14356435643564355
5 0.8976683937823834 0.8737623762376238 0.054404145077720206 0.14356435643564355
6 0.4261658031088083 0.8737623762376238 0.05181347150259067 0.14356435643564355