2 0.3493723849372385 0.9227941176470589 0.0502092050209205 0.13970588235294118
8 0.4121338912133891 0.9191176470588235 0.0502092050209205 0.1323529411764706
0 0.16736401673640167 0.9191176470588235 0.0502092050209205 0.13970588235294118
0 0.2280334728033473 0.9191176470588235 0.0502092050209205 0.1323529411764706
4 0.7594142259414226 0.9044117647058824 0.04602510460251046 0.1323529411764706
6 0.47489539748953974 0.9154411764705882 0.0502092050209205 0.13970588235294118
3 0.700836820083682 0.9044117647058824 0.05439330543933055 0.13970588235294118
0 0.28870292887029286 0.9191176470588235 0.0502092050209205 0.1323529411764706
0 0.6380753138075314 0.9080882352941176 0.0502092050209205 0.1323529411764706
0 0.5774058577405857 0.9080882352941176 0.0502092050209205 0.1323529411764706
9 0.8200836820083682 0.9007352941176471 0.0502092050209205 0.1323529411764706
4 0.04602510460251046 0.9227941176470589 0.04602510460251046 0.13970588235294118
4 0.8807531380753139 0.9007352941176471 0.04602510460251046 0.13970588235294118