8 0.4281524926686217 0.9031620553359684 0.0469208211143695 0.09881422924901186
0 0.187683284457478 0.9011857707509882 0.0469208211143695 0.09486166007905138
0 0.6407624633431085 0.9051383399209486 0.0469208211143695 0.09486166007905138
4 0.05278592375366569 0.9031620553359684 0.04985337243401759 0.09486166007905138
0 0.24780058651026393 0.9011857707509882 0.0469208211143695 0.09486166007905138
0 0.5806451612903226 0.9031620553359684 0.04398826979472141 0.09486166007905138
7 0.4868035190615836 0.9011857707509882 0.0469208211143695 0.09881422924901186
3 0.36656891495601174 0.9011857707509882 0.0469208211143695 0.09486166007905138
1 0.8240469208211144 0.9110671936758893 0.0469208211143695 0.09486166007905138
9 0.6994134897360704 0.9071146245059288 0.0469208211143695 0.09486166007905138
1 0.8812316715542522 0.9110671936758893 0.03812316715542522 0.09486166007905138
3 0.7609970674486803 0.9071146245059288 0.0469208211143695 0.09486166007905138
6 0.30791788856304986 0.9031620553359684 0.0469208211143695 0.09486166007905138