3 0.40670859538784065 0.8473282442748091 0.05660377358490566 0.15267175572519084
2 0.8941299790356394 0.8702290076335878 0.05450733752620545 0.15267175572519084
2 0.7662473794549266 0.8645038167938931 0.05450733752620545 0.15267175572519084
4 0.2840670859538784 0.8492366412213741 0.050314465408805034 0.14122137404580154
8 0.06918238993710692 0.8396946564885496 0.050314465408805034 0.14122137404580154
5 0.34276729559748426 0.8492366412213741 0.05241090146750524 0.1450381679389313
0 0.16352201257861634 0.8416030534351145 0.04821802935010482 0.13740458015267176
7 0.46855345911949686 0.8530534351145038 0.05450733752620545 0.14885496183206107
8 0.7023060796645703 0.8625954198473282 0.05450733752620545 0.1450381679389313
0 0.22327044025157233 0.8416030534351145 0.050314465408805034 0.13358778625954199
1 0.8343815513626834 0.8683206106870229 0.050314465408805034 0.1450381679389313
6 0.5765199161425576 0.8587786259541985 0.05241090146750524 0.14122137404580154
0 0.6373165618448637 0.8568702290076335 0.05241090146750524 0.14122137404580154