4 0.34098360655737703 0.9254807692307693 0.04590163934426229 0.10576923076923077
2 0.8442622950819673 0.9254807692307693 0.04590163934426229 0.10576923076923077
0 0.16557377049180327 0.9278846153846154 0.04918032786885246 0.10576923076923077
0 0.2819672131147541 0.9254807692307693 0.04918032786885246 0.10576923076923077
1 0.5557377049180328 0.9230769230769231 0.03934426229508197 0.10096153846153846
3 0.6131147540983607 0.9206730769230769 0.04918032786885246 0.11057692307692307
4 0.047540983606557376 0.9326923076923077 0.04918032786885246 0.10576923076923077
0 0.22295081967213115 0.9278846153846154 0.04918032786885246 0.10576923076923077
0 0.39672131147540984 0.9230769230769231 0.04918032786885246 0.10576923076923077
0 0.6704918032786885 0.9230769230769231 0.04918032786885246 0.10576923076923077
0 0.4557377049180328 0.9230769230769231 0.04918032786885246 0.10576923076923077
9 0.7852459016393443 0.9230769230769231 0.04918032786885246 0.10576923076923077
7 0.7278688524590164 0.9206730769230769 0.04918032786885246 0.11057692307692307