2 0.8619791666666666 0.78125 0.041666666666666664 0.21875
2 0.59375 0.7916666666666666 0.041666666666666664 0.22916666666666666
0 0.3151041666666667 0.8072916666666666 0.046875 0.23958333333333334
0 0.18098958333333334 0.8125 0.046875 0.22916666666666666
4 0.05078125 0.8333333333333334 0.041666666666666664 0.25
3 0.796875 0.7864583333333334 0.041666666666666664 0.23958333333333334
0 0.9296875 0.7864583333333334 0.046875 0.23958333333333334
0 0.7278645833333334 0.7916666666666666 0.046875 0.23958333333333334
0 0.6614583333333334 0.7916666666666666 0.046875 0.23958333333333334
8 0.5130208333333334 0.796875 0.041666666666666664 0.22916666666666666
4 0.3802083333333333 0.8125 0.041666666666666664 0.23958333333333334
1 0.24479166666666666 0.8125 0.036458333333333336 0.22916666666666666
9 0.4479166666666667 0.8020833333333334 0.046875 0.22916666666666666