4 0.8088235294117647 0.9334677419354839 0.17647058823529413 0.05241935483870968
3 0.8333333333333334 0.592741935483871 0.17647058823529413 0.05241935483870968
8 0.8578431372549019 0.27419354838709675 0.17647058823529413 0.04838709677419355
8 0.8627450980392157 0.2157258064516129 0.17647058823529413 0.04838709677419355
3 0.8431372549019608 0.43951612903225806 0.17647058823529413 0.04838709677419355
6 0.8235294117647058 0.7056451612903226 0.17647058823529413 0.05241935483870968
9 0.8382352941176471 0.5362903225806451 0.17647058823529413 0.05241935483870968
0 0.8186274509803921 0.7620967741935484 0.17647058823529413 0.05241935483870968
0 0.8137254901960784 0.8185483870967742 0.17647058823529413 0.05241935483870968
1 0.8529411764705882 0.3850806451612903 0.17647058823529413 0.04435483870967742
7 0.8529411764705882 0.3286290322580645 0.17647058823529413 0.05241935483870968
6 0.8284313725490197 0.6512096774193549 0.17647058823529413 0.05241935483870968
1 0.8676470588235294 0.1592741935483871 0.17647058823529413 0.04435483870967742