6 0.8478260869565217 0.463302752293578 0.21739130434782608 0.05045871559633028
5 0.8478260869565217 0.4013761467889908 0.2318840579710145 0.05045871559633028
8 0.8478260869565217 0.5619266055045872 0.21739130434782608 0.05504587155963303
0 0.8623188405797102 0.8715596330275229 0.21739130434782608 0.05045871559633028
4 0.8695652173913043 0.963302752293578 0.21739130434782608 0.05045871559633028
2 0.8405797101449275 0.22018348623853212 0.2028985507246377 0.05045871559633028
0 0.855072463768116 0.6857798165137615 0.21739130434782608 0.05504587155963303
0 0.8623188405797102 0.8096330275229358 0.21739130434782608 0.05045871559633028
7 0.855072463768116 0.6215596330275229 0.2318840579710145 0.05045871559633028
9 0.8623188405797102 0.7477064220183486 0.21739130434782608 0.05045871559633028
5 0.8478260869565217 0.16055045871559634 0.21739130434782608 0.05045871559633028
9 0.8478260869565217 0.34174311926605505 0.21739130434782608 0.05045871559633028
9 0.8405797101449275 0.2798165137614679 0.21739130434782608 0.05045871559633028