1 0.8446601941747572 0.5951492537313433 0.18446601941747573 0.048507462686567165
1 0.8300970873786407 0.44216417910447764 0.18446601941747573 0.04477611940298507
8 0.8446601941747572 0.539179104477612 0.18446601941747573 0.055970149253731345
0 0.8689320388349514 0.8227611940298507 0.1941747572815534 0.05223880597014925
4 0.8786407766990292 0.9365671641791045 0.1941747572815534 0.055970149253731345
4 0.8543689320388349 0.6529850746268657 0.1941747572815534 0.05223880597014925
8 0.8252427184466019 0.3283582089552239 0.18446601941747573 0.05223880597014925
0 0.8640776699029126 0.7667910447761194 0.18446601941747573 0.05223880597014925
9 0.8592233009708737 0.710820895522388 0.1941747572815534 0.05223880597014925
7 0.8203883495145631 0.26865671641791045 0.1941747572815534 0.055970149253731345
0 0.8300970873786407 0.3843283582089552 0.1941747572815534 0.05223880597014925
5 0.8203883495145631 0.21082089552238806 0.1941747572815534 0.05223880597014925
5 0.8106796116504854 0.15298507462686567 0.1941747572815534 0.05223880597014925