2 0.7137546468401487 0.8489208633093526 0.05204460966542751 0.14388489208633093
0 0.17286245353159851 0.8237410071942446 0.05204460966542751 0.1366906474820144
0 0.2342007434944238 0.8237410071942446 0.055762081784386616 0.1366906474820144
0 0.3587360594795539 0.8309352517985612 0.055762081784386616 0.1366906474820144
4 0.0687732342007435 0.8201438848920863 0.05204460966542751 0.1366906474820144
8 0.2936802973977695 0.8273381294964028 0.055762081784386616 0.1366906474820144
3 0.483271375464684 0.8345323741007195 0.055762081784386616 0.14388489208633093
0 0.8996282527881041 0.8525179856115108 0.05947955390334572 0.14388489208633093
3 0.42193308550185876 0.8309352517985612 0.05204460966542751 0.14388489208633093
0 0.775092936802974 0.8489208633093526 0.055762081784386616 0.14388489208633093
9 0.6505576208178439 0.841726618705036 0.05947955390334572 0.1366906474820144
4 0.587360594795539 0.8381294964028777 0.05204460966542751 0.1366906474820144
1 0.8382899628252788 0.8525179856115108 0.04460966542750929 0.1366906474820144