0 0.78125 0.8294797687861272 0.1534090909090909 0.049132947976878616
9 0.8011363636363636 0.6604046242774566 0.1534090909090909 0.05202312138728324
0 0.7869318181818182 0.7745664739884393 0.1534090909090909 0.049132947976878616
2 0.8153409090909091 0.5404624277456648 0.1590909090909091 0.05491329479768786
6 0.8125 0.6011560693641619 0.14772727272727273 0.05491329479768786
4 0.7670454545454546 0.9421965317919075 0.14772727272727273 0.05202312138728324
7 0.7926136363636364 0.7153179190751445 0.1534090909090909 0.049132947976878616
0 0.8295454545454546 0.4421965317919075 0.1590909090909091 0.05491329479768786
1 0.8371590909090909 0.3788728323699422 0.15431818181818183 0.04791907514450867
6 0.8367613636363637 0.3184393063583815 0.18142045454545455 0.06210982658959537
0 0.8524431818181818 0.2555202312138728 0.1849431818181818 0.06786127167630059
0 0.8564204545454545 0.1873121387283237 0.18579545454545457 0.06647398843930635
4 0.8791477272727272 0.12439306358381502 0.17528409090909092 0.05445086705202312