3 0.6310679611650486 0.802158273381295 0.04854368932038835 0.1366906474820144
3 0.7443365695792881 0.802158273381295 0.04854368932038835 0.1366906474820144
0 0.686084142394822 0.802158273381295 0.042071197411003236 0.1366906474820144
0 0.5711974110032363 0.7985611510791367 0.045307443365695796 0.1366906474820144
0 0.48381877022653724 0.7985611510791367 0.045307443365695796 0.1366906474820144
5 0.8025889967637541 0.802158273381295 0.042071197411003236 0.1366906474820144
0 0.255663430420712 0.7985611510791367 0.04854368932038835 0.1366906474820144
0 0.19579288025889968 0.7985611510791367 0.045307443365695796 0.1366906474820144
3 0.3122977346278317 0.802158273381295 0.04854368932038835 0.1366906474820144
8 0.07119741100323625 0.7985611510791367 0.05825242718446602 0.14388489208633093
9 0.36893203883495146 0.802158273381295 0.04854368932038835 0.1366906474820144
9 0.8559870550161812 0.802158273381295 0.045307443365695796 0.1366906474820144
8 0.42880258899676377 0.802158273381295 0.04854368932038835 0.1366906474820144