8 0.6924778761061947 0.8975903614457831 0.048672566371681415 0.10240963855421686
4 0.577433628318584 0.8975903614457831 0.05309734513274336 0.10843373493975904
8 0.4778761061946903 0.8945783132530121 0.048672566371681415 0.10240963855421686
2 0.29867256637168144 0.891566265060241 0.05309734513274336 0.10843373493975904
0 0.18141592920353983 0.8885542168674698 0.048672566371681415 0.10240963855421686
0 0.2411504424778761 0.8885542168674698 0.05309734513274336 0.10843373493975904
4 0.3584070796460177 0.891566265060241 0.048672566371681415 0.10240963855421686
1 0.8097345132743363 0.9036144578313253 0.04424778761061947 0.10240963855421686
3 0.7522123893805309 0.9006024096385542 0.05309734513274336 0.10843373493975904
0 0.6349557522123894 0.8975903614457831 0.048672566371681415 0.10240963855421686
4 0.41814159292035397 0.8945783132530121 0.048672566371681415 0.10843373493975904
4 0.8628318584070797 0.9036144578313253 0.04424778761061947 0.10240963855421686
4 0.061946902654867256 0.891566265060241 0.05309734513274336 0.1144578313253012