0 0.1977491961414791 0.8530927835051546 0.04501607717041801 0.10309278350515463
1 0.6607717041800643 0.8608247422680413 0.04501607717041801 0.10309278350515463
2 0.3054662379421222 0.8530927835051546 0.04501607717041801 0.10824742268041238
6 0.7170418006430869 0.8608247422680413 0.04823151125401929 0.10309278350515463
0 0.25241157556270094 0.8530927835051546 0.04823151125401929 0.10824742268041238
0 0.6077170418006431 0.8556701030927835 0.04823151125401929 0.10309278350515463
9 0.7717041800643086 0.8582474226804123 0.04823151125401929 0.10309278350515463
4 0.8247588424437299 0.8608247422680413 0.04501607717041801 0.10309278350515463
6 0.5530546623794212 0.8556701030927835 0.04823151125401929 0.10309278350515463
4 0.4662379421221865 0.8556701030927835 0.04180064308681672 0.10309278350515463
4 0.08842443729903537 0.8530927835051546 0.04501607717041801 0.10824742268041238
6 0.36012861736334406 0.8556701030927835 0.04823151125401929 0.10309278350515463
4 0.41318327974276525 0.8582474226804123 0.04501607717041801 0.10309278350515463