2 0.6294964028776978 0.9031413612565445 0.046762589928057555 0.10471204188481675
8 0.29676258992805754 0.9083769633507853 0.046762589928057555 0.09947643979057591
2 0.35611510791366907 0.9057591623036649 0.046762589928057555 0.10471204188481675
8 0.685251798561151 0.8979057591623036 0.046762589928057555 0.09947643979057591
3 0.47302158273381295 0.900523560209424 0.050359712230215826 0.09947643979057591
3 0.4154676258992806 0.9031413612565445 0.046762589928057555 0.10471204188481675
0 0.17985611510791366 0.9109947643979057 0.046762589928057555 0.10471204188481675
4 0.06115107913669065 0.9214659685863874 0.046762589928057555 0.09947643979057591
3 0.7410071942446043 0.8926701570680629 0.046762589928057555 0.10471204188481675
0 0.5719424460431655 0.900523560209424 0.050359712230215826 0.09947643979057591
0 0.2392086330935252 0.9083769633507853 0.046762589928057555 0.09947643979057591
0 0.8525179856115108 0.8769633507853403 0.050359712230215826 0.1099476439790576
3 0.7967625899280576 0.8821989528795812 0.046762589928057555 0.1099476439790576