2 0.3254364089775561 0.7070707070707071 0.05236907730673317 0.21212121212121213
3 0.3865336658354115 0.7222222222222222 0.04738154613466334 0.1919191919191919
0 0.14713216957605985 0.6818181818181818 0.05236907730673317 0.18181818181818182
3 0.4488778054862843 0.7373737373737373 0.04738154613466334 0.20202020202020202
5 0.8940149625935162 0.8080808080808081 0.05486284289276808 0.23232323232323232
3 0.8254364089775561 0.803030303030303 0.059850374064837904 0.21212121212121213
4 0.6184538653366584 0.7525252525252525 0.04987531172069826 0.1919191919191919
2 0.685785536159601 0.7727272727272727 0.057356608478802994 0.23232323232323232
8 0.26433915211970077 0.702020202020202 0.04987531172069826 0.1717171717171717
4 0.05361596009975062 0.6666666666666666 0.04987531172069826 0.18181818181818182
0 0.5548628428927681 0.7474747474747475 0.06234413965087282 0.20202020202020202
4 0.7518703241895262 0.7828282828282829 0.05236907730673317 0.20202020202020202
0 0.2057356608478803 0.6919191919191919 0.05486284289276808 0.1919191919191919