2 0.7914012738853503 0.8915343915343915 0.04777070063694268 0.1111111111111111
2 0.6162420382165605 0.8915343915343915 0.04777070063694268 0.1164021164021164
8 0.8503184713375797 0.8915343915343915 0.04777070063694268 0.10582010582010581
0 0.160828025477707 0.8862433862433863 0.04777070063694268 0.1111111111111111
0 0.2213375796178344 0.8862433862433863 0.04777070063694268 0.1111111111111111
1 0.7372611464968153 0.8915343915343915 0.044585987261146494 0.10582010582010581
0 0.5589171974522293 0.8888888888888888 0.04777070063694268 0.1111111111111111
4 0.06210191082802548 0.8888888888888888 0.04777070063694268 0.1111111111111111
5 0.339171974522293 0.8862433862433863 0.04777070063694268 0.1111111111111111
5 0.6751592356687898 0.8888888888888888 0.04777070063694268 0.1111111111111111
0 0.3996815286624204 0.8862433862433863 0.04777070063694268 0.1111111111111111
6 0.2818471337579618 0.8888888888888888 0.04777070063694268 0.1111111111111111
1 0.4585987261146497 0.8915343915343915 0.041401273885350316 0.1111111111111111