8 0.5935114503816794 0.08461538461538462 0.05343511450381679 0.1076923076923077
4 0.3816793893129771 0.08205128205128205 0.04961832061068702 0.1076923076923077
8 0.7061068702290076 0.08461538461538462 0.04961832061068702 0.1076923076923077
4 0.32251908396946566 0.07948717948717948 0.04961832061068702 0.1076923076923077
4 0.15267175572519084 0.07692307692307693 0.05343511450381679 0.1076923076923077
0 0.7633587786259542 0.08461538461538462 0.04961832061068702 0.1076923076923077
0 0.4389312977099237 0.08205128205128205 0.04961832061068702 0.1076923076923077
0 0.8206106870229007 0.08461538461538462 0.04961832061068702 0.1076923076923077
4 0.9351145038167938 0.08461538461538462 0.04961832061068702 0.10256410256410256
9 0.26717557251908397 0.07692307692307693 0.05343511450381679 0.1076923076923077
9 0.5362595419847328 0.08461538461538462 0.04961832061068702 0.1076923076923077
1 0.20610687022900764 0.07435897435897436 0.04198473282442748 0.10256410256410256
7 0.6507633587786259 0.08205128205128205 0.04961832061068702 0.1076923076923077