2 0.6265822784810127 0.8567839195979899 0.05063291139240506 0.1507537688442211
2 0.30632911392405066 0.8442211055276382 0.053164556962025315 0.1507537688442211
8 0.6848101265822785 0.8592964824120602 0.04810126582278481 0.1507537688442211
4 0.0810126582278481 0.8341708542713567 0.060759493670886074 0.1507537688442211
4 0.3632911392405063 0.8467336683417085 0.05063291139240506 0.1407035175879397
0 0.189873417721519 0.8417085427135679 0.053164556962025315 0.1507537688442211
1 0.2481012658227848 0.8417085427135679 0.04810126582278481 0.1457286432160804
0 0.5708860759493671 0.8542713567839196 0.05063291139240506 0.1507537688442211
8 0.7443037974683544 0.864321608040201 0.04810126582278481 0.1507537688442211
0 0.8025316455696202 0.864321608040201 0.053164556962025315 0.1507537688442211
7 0.47848101265822784 0.8492462311557789 0.05063291139240506 0.1507537688442211
6 0.8607594936708861 0.8693467336683417 0.053164556962025315 0.15577889447236182
6 0.4215189873417722 0.8517587939698492 0.053164556962025315 0.1507537688442211