4 0.8763736263736264 0.6673003802281369 0.1043956043956044 0.049429657794676805
0 0.8763736263736264 0.6102661596958175 0.1043956043956044 0.049429657794676805
1 0.8873626373626373 0.4543726235741445 0.10989010989010989 0.045627376425855515
0 0.8708791208791209 0.7224334600760456 0.1043956043956044 0.049429657794676805
0 0.8626373626373627 0.8307984790874525 0.1043956043956044 0.049429657794676805
0 0.8653846153846154 0.7775665399239544 0.1043956043956044 0.049429657794676805
5 0.8928571428571429 0.39543726235741444 0.10989010989010989 0.053231939163498096
0 0.8791208791208791 0.5532319391634981 0.1043956043956044 0.053231939163498096
4 0.9120879120879121 0.155893536121673 0.10989010989010989 0.053231939163498096
4 0.8571428571428571 0.9391634980988594 0.1043956043956044 0.049429657794676805
1 0.9010989010989011 0.27566539923954375 0.1043956043956044 0.049429657794676805
7 0.8956043956043956 0.3365019011406844 0.10989010989010989 0.053231939163498096
6 0.9065934065934066 0.21673003802281368 0.10989010989010989 0.057034220532319393