2 0.9016736401673641 0.9221556886227545 0.0502092050209205 0.11976047904191617
0 0.48535564853556484 0.9101796407185628 0.05439330543933055 0.11976047904191617
0 0.5920502092050209 0.9161676646706587 0.05439330543933055 0.11976047904191617
0 0.4225941422594142 0.9101796407185628 0.05439330543933055 0.11976047904191617
0 0.29707112970711297 0.9101796407185628 0.05439330543933055 0.11377245508982035
1 0.2384937238493724 0.9161676646706587 0.04602510460251046 0.12574850299401197
6 0.6548117154811716 0.9191616766467066 0.0502092050209205 0.11377245508982035
6 0.17364016736401675 0.9131736526946108 0.05439330543933055 0.12574850299401197
4 0.3598326359832636 0.9161676646706587 0.0502092050209205 0.11976047904191617
7 0.04811715481171548 0.9191616766467066 0.0502092050209205 0.1317365269461078
8 0.8410041841004184 0.9191616766467066 0.05439330543933055 0.11976047904191617
8 0.7175732217573222 0.9161676646706587 0.0502092050209205 0.11377245508982035
4 0.7761506276150628 0.9161676646706587 0.0502092050209205 0.11976047904191617