8 0.24600638977635783 0.9174528301886793 0.051118210862619806 0.10849056603773585
7 0.2987220447284345 0.9174528301886793 0.051118210862619806 0.11320754716981132
0 0.4584664536741214 0.9174528301886793 0.051118210862619806 0.10849056603773585
4 0.19169329073482427 0.9174528301886793 0.051118210862619806 0.10849056603773585
0 0.6677316293929713 0.9174528301886793 0.04792332268370607 0.10849056603773585
6 0.7204472843450479 0.9198113207547169 0.051118210862619806 0.10849056603773585
3 0.07507987220447285 0.9174528301886793 0.054313099041533544 0.11320754716981132
0 0.6134185303514377 0.9150943396226415 0.04792332268370607 0.10849056603773585
7 0.8274760383386581 0.9174528301886793 0.051118210862619806 0.11320754716981132
0 0.5623003194888179 0.9150943396226415 0.04792332268370607 0.10849056603773585
3 0.7731629392971247 0.9174528301886793 0.051118210862619806 0.10849056603773585
0 0.4057507987220447 0.9150943396226415 0.04792332268370607 0.10849056603773585
4 0.3514376996805112 0.9198113207547169 0.051118210862619806 0.10849056603773585