6 0.8548387096774194 0.2536764705882353 0.15483870967741936 0.051470588235294115
7 0.8064516129032258 0.7150735294117647 0.14838709677419354 0.04779411764705882
0 0.8 0.8308823529411765 0.14838709677419354 0.04779411764705882
3 0.8493548387096774 0.31433823529411764 0.16316129032258064 0.058823529411764705
0 0.8290322580645161 0.5404411764705882 0.14838709677419354 0.05514705882352941
4 0.7935483870967742 0.9430147058823529 0.14838709677419354 0.051470588235294115
7 0.8643225806451613 0.125 0.1609032258064516 0.05514705882352941
8 0.8193548387096774 0.5992647058823529 0.14838709677419354 0.051470588235294115
0 0.8589677419354838 0.18996323529411765 0.1658709677419355 0.06330882352941176
0 0.8456774193548388 0.37481617647058824 0.1696774193548387 0.056727941176470585
1 0.8483870967741935 0.4344852941176471 0.1567741935483871 0.037647058823529415
6 0.8244516129032259 0.655 0.18180645161290324 0.0461764705882353
0 0.8070322580645162 0.7700367647058823 0.1712258064516129 0.05128676470588235