0 0.17777777777777778 0.8823529411764706 0.04888888888888889 0.14705882352941177
3 0.5866666666666667 0.875 0.04888888888888889 0.14705882352941177
0 0.8288888888888889 0.8639705882352942 0.05333333333333334 0.14705882352941177
0 0.24 0.8786764705882353 0.05333333333333334 0.13970588235294118
4 0.07555555555555556 0.8786764705882353 0.04888888888888889 0.125
6 0.3022222222222222 0.8780147058823529 0.05333333333333334 0.14102941176470588
4 0.6466666666666666 0.8676470588235294 0.04888888888888889 0.125
0 0.8888888888888888 0.8676470588235294 0.04888888888888889 0.13970588235294118
3 0.7711111111111111 0.8676470588235294 0.04888888888888889 0.14705882352941177
8 0.4222222222222222 0.8713235294117647 0.04888888888888889 0.125
5 0.48444444444444446 0.8823529411764706 0.04888888888888889 0.13970588235294118
8 0.3608888888888889 0.875 0.05062222222222223 0.1323529411764706
7 0.7066666666666667 0.8713235294117647 0.05333333333333334 0.14705882352941177