3 0.6501597444089456 0.1865079365079365 0.054313099041533544 0.1746031746031746
2 0.5878594249201278 0.18253968253968253 0.05750798722044728 0.18253968253968253
0 0.8370607028753994 0.1865079365079365 0.051118210862619806 0.1746031746031746
0 0.7763578274760383 0.1865079365079365 0.051118210862619806 0.1746031746031746
5 0.5271565495207667 0.1865079365079365 0.06070287539936102 0.1746031746031746
6 0.7124600638977636 0.1865079365079365 0.051118210862619806 0.1746031746031746
6 0.4281150159744409 0.1865079365079365 0.054313099041533544 0.1746031746031746
4 0.963258785942492 0.19047619047619047 0.054313099041533544 0.1746031746031746
7 0.36421725239616615 0.18253968253968253 0.054313099041533544 0.18253968253968253
8 0.11022364217252396 0.1746031746031746 0.05750798722044728 0.1746031746031746
7 0.3035143769968051 0.18253968253968253 0.054313099041533544 0.18253968253968253
7 0.2369968051118211 0.1757142857142857 0.05555910543130991 0.1653968253968254
1 0.18000000000000002 0.1742063492063492 0.043769968051118206 0.17833333333333332