8 0.29431438127090304 0.8936651583710408 0.05351170568561873 0.10407239819004525
2 0.7508361204013378 0.8959276018099548 0.05016722408026756 0.1085972850678733
0 0.6923076923076923 0.8959276018099548 0.056856187290969896 0.1085972850678733
0 0.17391304347826086 0.8936651583710408 0.056856187290969896 0.1085972850678733
0 0.23411371237458195 0.8936651583710408 0.056856187290969896 0.1085972850678733
0 0.8093645484949833 0.8959276018099548 0.05351170568561873 0.1085972850678733
1 0.3494983277591973 0.8936651583710408 0.04013377926421405 0.10407239819004525
7 0.5735785953177257 0.8936651583710408 0.05351170568561873 0.1085972850678733
9 0.6321070234113713 0.8959276018099548 0.05016722408026756 0.1085972850678733
5 0.47491638795986624 0.8936651583710408 0.05016722408026756 0.10407239819004525
1 0.8662207357859532 0.8981900452488688 0.04013377926421405 0.10407239819004525
1 0.4096989966555184 0.8936651583710408 0.03678929765886288 0.09954751131221719
2 0.04013377926421405 0.8959276018099548 0.056856187290969896 0.10407239819004525