3 0.41784037558685444 0.8576642335766423 0.051643192488262914 0.12408759124087591
4 0.06807511737089202 0.8759124087591241 0.051643192488262914 0.12408759124087591
4 0.3544600938967136 0.864963503649635 0.051643192488262914 0.11678832116788321
5 0.8826291079812206 0.8394160583941606 0.051643192488262914 0.11678832116788321
0 0.16901408450704225 0.8722627737226277 0.051643192488262914 0.11678832116788321
9 0.4765258215962441 0.8576642335766423 0.046948356807511735 0.11678832116788321
4 0.7018779342723005 0.8503649635036497 0.046948356807511735 0.11678832116788321
4 0.5821596244131455 0.8540145985401459 0.051643192488262914 0.11678832116788321
1 0.7652582159624414 0.8467153284671532 0.04225352112676056 0.10948905109489052
0 0.6408450704225352 0.8467153284671532 0.051643192488262914 0.11678832116788321
0 0.2934272300469484 0.864963503649635 0.051643192488262914 0.11678832116788321
1 0.8262910798122066 0.843065693430657 0.04225352112676056 0.11678832116788321
1 0.2323943661971831 0.8686131386861314 0.046948356807511735 0.11678832116788321