2 0.30168776371308015 0.8914473684210527 0.05063291139240506 0.11842105263157894
0 0.18354430379746836 0.8947368421052632 0.05063291139240506 0.11842105263157894
4 0.06329113924050633 0.8980263157894737 0.05063291139240506 0.11842105263157894
8 0.79957805907173 0.881578947368421 0.05063291139240506 0.11842105263157894
0 0.6286919831223629 0.8848684210526315 0.05063291139240506 0.11842105263157894
0 0.24472573839662448 0.8914473684210527 0.05063291139240506 0.11842105263157894
6 0.8607594936708861 0.881578947368421 0.05063291139240506 0.1118421052631579
4 0.41983122362869196 0.8914473684210527 0.05063291139240506 0.1118421052631579
4 0.47890295358649787 0.8914473684210527 0.046413502109704644 0.11842105263157894
7 0.7426160337552743 0.881578947368421 0.046413502109704644 0.11842105263157894
6 0.3628691983122363 0.8914473684210527 0.05063291139240506 0.1118421052631579
1 0.6856540084388185 0.8881578947368421 0.046413502109704644 0.11842105263157894
6 0.5717299578059072 0.8881578947368421 0.05063291139240506 0.1118421052631579