2 0.8365384615384616 0.809322033898305 0.057692307692307696 0.17796610169491525
2 0.775 0.8135593220338984 0.057692307692307696 0.17796610169491525
0 0.16538461538461538 0.8347457627118644 0.06153846153846154 0.1864406779661017
2 0.4826923076923077 0.8220338983050848 0.06153846153846154 0.17796610169491525
0 0.23076923076923078 0.8347457627118644 0.06153846153846154 0.19491525423728814
2 0.42115384615384616 0.826271186440678 0.06153846153846154 0.17796610169491525
9 0.7134615384615385 0.8177966101694916 0.06153846153846154 0.1864406779661017
6 0.5903846153846154 0.8220338983050848 0.057692307692307696 0.17796610169491525
2 0.3576923076923077 0.826271186440678 0.06153846153846154 0.1864406779661017
8 0.6519230769230769 0.8220338983050848 0.057692307692307696 0.1864406779661017
4 0.07115384615384615 0.8389830508474576 0.06153846153846154 0.1694915254237288
3 0.29423076923076924 0.8305084745762712 0.06153846153846154 0.1864406779661017
6 0.8980769230769231 0.8135593220338984 0.057692307692307696 0.17796610169491525