8 0.6492957746478873 0.8300653594771242 0.03943661971830986 0.13725490196078433
2 0.4225352112676056 0.826797385620915 0.03943661971830986 0.1437908496732026
2 0.8323943661971831 0.8300653594771242 0.03943661971830986 0.13725490196078433
0 0.23943661971830985 0.826797385620915 0.03943661971830986 0.13725490196078433
0 0.176056338028169 0.8235294117647058 0.03943661971830986 0.13725490196078433
3 0.3619718309859155 0.826797385620915 0.03943661971830986 0.13725490196078433
5 0.8971830985915493 0.8300653594771242 0.04225352112676056 0.13725490196078433
7 0.7732394366197183 0.8300653594771242 0.04225352112676056 0.1437908496732026
7 0.48450704225352115 0.826797385620915 0.03943661971830986 0.1437908496732026
4 0.05070422535211268 0.826797385620915 0.03943661971830986 0.1437908496732026
4 0.3 0.826797385620915 0.03943661971830986 0.13725490196078433
1 0.5887323943661972 0.8300653594771242 0.036619718309859155 0.13071895424836602
3 0.7112676056338029 0.8300653594771242 0.03943661971830986 0.13725490196078433