2 0.44849785407725323 0.9152542372881356 0.05150214592274678 0.10734463276836158
9 0.9141630901287554 0.903954802259887 0.04721030042918455 0.1016949152542373
2 0.7939914163090128 0.9067796610169492 0.04721030042918455 0.10734463276836158
0 0.2017167381974249 0.9180790960451978 0.05150214592274678 0.1016949152542373
6 0.8540772532188842 0.9067796610169492 0.05150214592274678 0.1016949152542373
0 0.26394849785407726 0.9180790960451978 0.05150214592274678 0.1016949152542373
0 0.7339055793991416 0.9067796610169492 0.05150214592274678 0.1016949152542373
0 0.6115879828326181 0.9067796610169492 0.05150214592274678 0.1016949152542373
1 0.5107296137339056 0.9152542372881356 0.04721030042918455 0.1016949152542373
8 0.6716738197424893 0.9096045197740112 0.04721030042918455 0.1016949152542373
5 0.3261802575107296 0.9180790960451978 0.05150214592274678 0.10734463276836158
4 0.07510729613733906 0.9265536723163842 0.05150214592274678 0.1016949152542373
7 0.38626609442060084 0.9152542372881356 0.055793991416309016 0.10734463276836158