8 0.6890625 0.8043478260869565 0.046875 0.15942028985507245
3 0.5703125 0.8007246376811594 0.05 0.16666666666666666
1 0.7515625 0.8079710144927537 0.04375 0.15942028985507245
7 0.46875 0.8007246376811594 0.053125 0.16666666666666666
0 0.1640625 0.7971014492753623 0.053125 0.15942028985507245
4 0.0640625 0.7971014492753623 0.05 0.16666666666666666
0 0.346875 0.8007246376811594 0.05 0.15942028985507245
5 0.8640625 0.8043478260869565 0.05 0.16666666666666666
7 0.6296875 0.8043478260869565 0.05 0.17391304347826086
4 0.80625 0.8079710144927537 0.046875 0.16666666666666666
1 0.2890625 0.8043478260869565 0.04375 0.15942028985507245
1 0.228125 0.8007246376811594 0.04375 0.15942028985507245
9 0.4078125 0.8043478260869565 0.05 0.15942028985507245