8 0.35858585858585856 0.753968253968254 0.050505050505050504 0.23809523809523808
0 0.6919191919191919 0.753968253968254 0.05555555555555555 0.25396825396825395
0 0.8106060606060606 0.753968253968254 0.06060606060606061 0.25396825396825395
0 0.4166666666666667 0.746031746031746 0.05555555555555555 0.23809523809523808
0 0.24242424242424243 0.746031746031746 0.05555555555555555 0.23809523809523808
6 0.5757575757575758 0.753968253968254 0.05555555555555555 0.25396825396825395
5 0.7525252525252525 0.753968253968254 0.050505050505050504 0.2698412698412698
5 0.3005050505050505 0.746031746031746 0.050505050505050504 0.25396825396825395
5 0.6338383838383839 0.753968253968254 0.050505050505050504 0.25396825396825395
4 0.05808080808080808 0.746031746031746 0.05555555555555555 0.23809523809523808
8 0.4772727272727273 0.753968253968254 0.050505050505050504 0.23809523809523808
0 0.1845959595959596 0.731904761904762 0.06111111111111111 0.2663492063492064
7 0.8712121212121212 0.753968253968254 0.050505050505050504 0.23809523809523808