2 0.303886925795053 0.8626373626373627 0.045936395759717315 0.11538461538461539
6 0.7879858657243817 0.8653846153846154 0.04946996466431095 0.10989010989010989
0 0.19081272084805653 0.8626373626373627 0.04946996466431095 0.10989010989010989
0 0.24911660777385158 0.8626373626373627 0.04946996466431095 0.10989010989010989
0 0.6201413427561837 0.8626373626373627 0.04946996466431095 0.10989010989010989
1 0.6749116607773852 0.8653846153846154 0.04240282685512368 0.10989010989010989
6 0.5636042402826855 0.8626373626373627 0.04946996466431095 0.10989010989010989
2 0.8409893992932862 0.8653846153846154 0.045936395759717315 0.11538461538461539
7 0.7314487632508834 0.8626373626373627 0.045936395759717315 0.11538461538461539
6 0.3621908127208481 0.8653846153846154 0.04946996466431095 0.10989010989010989
4 0.07420494699646643 0.8681318681318682 0.04946996466431095 0.11538461538461539
4 0.4169611307420495 0.8653846153846154 0.04946996466431095 0.10989010989010989
4 0.4734982332155477 0.8653846153846154 0.045936395759717315 0.10989010989010989