0 0.4243119266055046 0.8728070175438597 0.05504587155963303 0.16666666666666666
9 0.6490825688073395 0.8771929824561403 0.05963302752293578 0.17543859649122806
1 0.5871559633027523 0.8771929824561403 0.045871559633027525 0.16666666666666666
2 0.7775229357798165 0.8771929824561403 0.05963302752293578 0.17543859649122806
4 0.8990825688073395 0.881578947368421 0.05045871559633028 0.16666666666666666
9 0.8394495412844036 0.8771929824561403 0.05963302752293578 0.17543859649122806
9 0.713302752293578 0.8771929824561403 0.05963302752293578 0.17543859649122806
9 0.05504587155963303 0.8552631578947368 0.05963302752293578 0.17543859649122806
8 0.36009174311926606 0.8728070175438597 0.05045871559633028 0.16666666666666666
7 0.17660550458715596 0.8596491228070176 0.05045871559633028 0.16666666666666666
8 0.23623853211009174 0.868421052631579 0.05963302752293578 0.17543859649122806
8 0.30045871559633025 0.8699122807017544 0.06055045871559633 0.16842105263157894
8 0.4903211009174312 0.8779824561403509 0.06197247706422018 0.17026315789473684