2 0.2949438202247191 0.8938053097345132 0.056179775280898875 0.1415929203539823
2 0.7219101123595506 0.8893805309734514 0.056179775280898875 0.1504424778761062
0 0.16853932584269662 0.8893805309734514 0.056179775280898875 0.1415929203539823
0 0.23314606741573032 0.8938053097345132 0.056179775280898875 0.1415929203539823
2 0.9101123595505618 0.8893805309734514 0.056179775280898875 0.1415929203539823
4 0.4241573033707865 0.8938053097345132 0.056179775280898875 0.1415929203539823
4 0.05056179775280899 0.8893805309734514 0.056179775280898875 0.1504424778761062
0 0.4859550561797753 0.8893805309734514 0.056179775280898875 0.1415929203539823
1 0.7837078651685393 0.8893805309734514 0.05056179775280899 0.13274336283185842
9 0.3595505617977528 0.8938053097345132 0.06179775280898876 0.1415929203539823
6 0.6573033707865169 0.8893805309734514 0.06179775280898876 0.1415929203539823
1 0.5926966292134831 0.8893805309734514 0.05056179775280899 0.1415929203539823
7 0.851123595505618 0.8849557522123894 0.06179775280898876 0.1415929203539823