4 0.05263157894736842 0.9264705882352942 0.056140350877192984 0.09191176470588236
0 0.18070175438596492 0.9246323529411765 0.056140350877192984 0.08823529411764706
3 0.8333333333333334 0.9209558823529411 0.056140350877192984 0.08823529411764706
8 0.4245614035087719 0.9209558823529411 0.05263157894736842 0.08823529411764706
0 0.24210526315789474 0.9227941176470589 0.056140350877192984 0.08823529411764706
0 0.30350877192982456 0.9227941176470589 0.056140350877192984 0.08823529411764706
5 0.6508771929824562 0.9209558823529411 0.05263157894736842 0.08823529411764706
8 0.48596491228070177 0.9227941176470589 0.05263157894736842 0.08823529411764706
7 0.7736842105263158 0.9209558823529411 0.05263157894736842 0.08823529411764706
1 0.3684210526315789 0.9246323529411765 0.0456140350877193 0.08455882352941177
1 0.7140350877192982 0.9227941176470589 0.0456140350877193 0.08455882352941177
1 0.5947368421052631 0.9227941176470589 0.0456140350877193 0.08455882352941177
6 0.8964912280701754 0.9209558823529411 0.056140350877192984 0.08455882352941177