2 0.31473214285714285 0.8333333333333334 0.05357142857142857 0.14814814814814814
2 0.8169642857142857 0.837037037037037 0.05803571428571429 0.14074074074074075
0 0.5848214285714286 0.8222222222222222 0.05357142857142857 0.14814814814814814
0 0.19866071428571427 0.837037037037037 0.05357142857142857 0.14814814814814814
9 0.6428571428571429 0.825925925925926 0.05357142857142857 0.14074074074074075
4 0.4888392857142857 0.825925925925926 0.05357142857142857 0.14074074074074075
0 0.25892857142857145 0.837037037037037 0.05803571428571429 0.14814814814814814
4 0.875 0.8333333333333334 0.05357142857142857 0.14814814814814814
4 0.7008928571428571 0.825925925925926 0.05803571428571429 0.14074074074074075
4 0.43080357142857145 0.825925925925926 0.05357142857142857 0.14074074074074075
6 0.375 0.825925925925926 0.05357142857142857 0.14814814814814814
4 0.08258928571428571 0.8407407407407408 0.05357142857142857 0.14074074074074075
7 0.7589285714285714 0.8296296296296296 0.05357142857142857 0.14074074074074075