2 0.4272300469483568 0.9041095890410958 0.056338028169014086 0.10273972602739725
3 0.8685446009389671 0.910958904109589 0.051643192488262914 0.1095890410958904
0 0.6948356807511737 0.9075342465753424 0.051643192488262914 0.10273972602739725
0 0.7535211267605634 0.910958904109589 0.051643192488262914 0.10273972602739725
0 0.20892018779342722 0.8595890410958904 0.051643192488262914 0.0958904109589041
6 0.31690140845070425 0.886986301369863 0.051643192488262914 0.0958904109589041
6 0.57981220657277 0.9075342465753424 0.056338028169014086 0.10273972602739725
0 0.2652582159624413 0.8698630136986302 0.04225352112676056 0.10273972602739725
7 0.6384976525821596 0.9075342465753424 0.051643192488262914 0.1095890410958904
7 0.37089201877934275 0.8972602739726028 0.051643192488262914 0.0958904109589041
4 0.4835680751173709 0.9041095890410958 0.046948356807511735 0.0958904109589041
1 0.812206572769953 0.910958904109589 0.04225352112676056 0.10273972602739725
4 0.09859154929577464 0.8732876712328768 0.051643192488262914 0.0958904109589041