2 0.30156657963446476 0.8853754940711462 0.04699738903394256 0.1067193675889328
3 0.7310704960835509 0.8695652173913043 0.04960835509138381 0.10276679841897234
4 0.6762402088772846 0.8754940711462451 0.044386422976501305 0.09881422924901186
6 0.4164490861618799 0.8814229249011858 0.04960835509138381 0.10276679841897234
0 0.1866840731070496 0.8853754940711462 0.04699738903394256 0.10276679841897234
0 0.566579634464752 0.8735177865612648 0.04699738903394256 0.09881422924901186
8 0.8381201044386423 0.8695652173913043 0.04699738903394256 0.09881422924901186
1 0.6253263707571801 0.8754940711462451 0.044386422976501305 0.09881422924901186
0 0.24412532637075718 0.883399209486166 0.04960835509138381 0.10276679841897234
5 0.7845953002610966 0.8715415019762845 0.04699738903394256 0.09881422924901186
6 0.35900783289817234 0.883399209486166 0.04699738903394256 0.10276679841897234
7 0.47127937336814624 0.8794466403162056 0.04699738903394256 0.10276679841897234
4 0.06919060052219321 0.8913043478260869 0.04699738903394256 0.1067193675889328