2 0.05808080808080808 0.8809523809523809 0.050505050505050504 0.09523809523809523
0 0.15656565656565657 0.8775510204081632 0.050505050505050504 0.09523809523809523
0 0.39646464646464646 0.8809523809523809 0.050505050505050504 0.09523809523809523
0 0.33585858585858586 0.8809523809523809 0.050505050505050504 0.09523809523809523
0 0.21717171717171718 0.8809523809523809 0.050505050505050504 0.09523809523809523
7 0.2777777777777778 0.8809523809523809 0.050505050505050504 0.09523809523809523
1 0.6792929292929293 0.8877551020408163 0.04040404040404041 0.08843537414965986
9 0.6161616161616161 0.8843537414965986 0.050505050505050504 0.08843537414965986
4 0.5555555555555556 0.8843537414965986 0.045454545454545456 0.08843537414965986
1 0.45707070707070707 0.8843537414965986 0.04040404040404041 0.09523809523809523
4 0.7954545454545454 0.891156462585034 0.050505050505050504 0.09523809523809523
3 0.7373737373737373 0.8843537414965986 0.050505050505050504 0.09523809523809523
7 0.8560606060606061 0.8877551020408163 0.050505050505050504 0.09523809523809523