0 0.5104166666666666 0.7965116279069767 0.041666666666666664 0.20930232558139536
2 0.21354166666666666 0.7848837209302325 0.036458333333333336 0.20930232558139536
2 0.703125 0.8081395348837209 0.041666666666666664 0.22093023255813954
1 0.5833333333333334 0.8081395348837209 0.036458333333333336 0.22093023255813954
2 0.8203125 0.813953488372093 0.041666666666666664 0.20930232558139536
0 0.390625 0.7906976744186046 0.041666666666666664 0.20930232558139536
1 0.6432291666666666 0.8081395348837209 0.046875 0.20930232558139536
1 0.3307291666666667 0.7906976744186046 0.041666666666666664 0.19767441860465115
4 0.7630208333333334 0.8081395348837209 0.036458333333333336 0.18604651162790697
8 0.8828125 0.813953488372093 0.036458333333333336 0.22093023255813954
6 0.2734375 0.7906976744186046 0.041666666666666664 0.20930232558139536
8 0.4479166666666667 0.7906976744186046 0.041666666666666664 0.20930232558139536
3 0.09302083333333333 0.7786046511627907 0.041666666666666664 0.20930232558139536