2 0.8745644599303136 0.8826291079812206 0.04529616724738676 0.09859154929577464
6 0.3170731707317073 0.8849765258215962 0.04878048780487805 0.09859154929577464
1 0.7630662020905923 0.8826291079812206 0.04529616724738676 0.09389671361502347
0 0.1986062717770035 0.8826291079812206 0.04878048780487805 0.09389671361502347
0 0.2578397212543554 0.8826291079812206 0.04878048780487805 0.09859154929577464
9 0.6445993031358885 0.8826291079812206 0.04878048780487805 0.09389671361502347
2 0.37282229965156793 0.8849765258215962 0.04529616724738676 0.09859154929577464
6 0.818815331010453 0.8826291079812206 0.04878048780487805 0.09389671361502347
0 0.5871080139372822 0.8802816901408451 0.04878048780487805 0.09859154929577464
0 0.7038327526132404 0.8802816901408451 0.04878048780487805 0.09859154929577464
3 0.4337979094076655 0.8826291079812206 0.04878048780487805 0.09859154929577464
7 0.4895470383275261 0.8826291079812206 0.04878048780487805 0.10328638497652583
4 0.08013937282229965 0.8873239436619719 0.04878048780487805 0.09859154929577464