9 0.35431654676258995 0.11904761904761904 0.0539568345323741 0.11428571428571428
8 0.2949640287769784 0.12142857142857143 0.050359712230215826 0.10952380952380952
5 0.5683453237410072 0.12142857142857143 0.0539568345323741 0.10952380952380952
3 0.4118705035971223 0.11904761904761904 0.0539568345323741 0.10952380952380952
5 0.11870503597122302 0.11428571428571428 0.0539568345323741 0.10952380952380952
9 0.6276978417266187 0.12142857142857143 0.0539568345323741 0.10952380952380952
3 0.5107913669064749 0.12142857142857143 0.0539568345323741 0.10952380952380952
9 0.2356115107913669 0.11904761904761904 0.0539568345323741 0.10952380952380952
1 0.17446043165467626 0.11666666666666667 0.046762589928057555 0.10952380952380952
0 0.685251798561151 0.11904761904761904 0.050359712230215826 0.10952380952380952
4 0.9658273381294964 0.11666666666666667 0.05755395683453238 0.11428571428571428
0 0.7428057553956835 0.11904761904761904 0.050359712230215826 0.11428571428571428
3 0.8032374100719425 0.12033333333333333 0.05913669064748202 0.1230952380952381