8 0.4176470588235294 0.9369369369369369 0.047058823529411764 0.10810810810810811
0 0.19705882352941176 0.9369369369369369 0.04411764705882353 0.11261261261261261
0 0.2529411764705882 0.9369369369369369 0.047058823529411764 0.10810810810810811
0 0.6220588235294118 0.9346846846846847 0.047058823529411764 0.10810810810810811
4 0.08529411764705883 0.9414414414414415 0.04411764705882353 0.1036036036036036
0 0.5676470588235294 0.9346846846846847 0.04411764705882353 0.10810810810810811
5 0.36323529411764705 0.9346846846846847 0.04411764705882353 0.11261261261261261
1 0.6808823529411765 0.9369369369369369 0.041176470588235294 0.10810810810810811
7 0.7867647058823529 0.9346846846846847 0.05 0.11711711711711711
1 0.475 0.9346846846846847 0.03823529411764706 0.10810810810810811
7 0.7323529411764705 0.9346846846846847 0.047058823529411764 0.11711711711711711
7 0.8411764705882353 0.9346846846846847 0.04411764705882353 0.11711711711711711
6 0.3088235294117647 0.9391891891891891 0.047058823529411764 0.10810810810810811