8 0.606694560669456 0.8739837398373984 0.0502092050209205 0.15447154471544716
8 0.502092050209205 0.8739837398373984 0.0502092050209205 0.14634146341463414
6 0.6673640167364017 0.8699186991869918 0.05439330543933055 0.15447154471544716
8 0.3807531380753138 0.8821138211382114 0.0502092050209205 0.15447154471544716
0 0.19665271966527198 0.8821138211382114 0.05439330543933055 0.15447154471544716
0 0.44142259414225943 0.8739837398373984 0.0502092050209205 0.15447154471544716
0 0.2594142259414226 0.8821138211382114 0.05439330543933055 0.15447154471544716
0 0.7866108786610879 0.8617886178861789 0.0502092050209205 0.15447154471544716
0 0.9079497907949791 0.8577235772357723 0.0502092050209205 0.15447154471544716
4 0.7280334728033473 0.8658536585365854 0.0502092050209205 0.15447154471544716
1 0.8493723849372385 0.8617886178861789 0.04602510460251046 0.14634146341463414
4 0.07322175732217573 0.8943089430894309 0.05439330543933055 0.15447154471544716
5 0.3200836820083682 0.8821138211382114 0.05439330543933055 0.15447154471544716