0 0.1863905325443787 0.8916256157635468 0.05029585798816568 0.10344827586206896
2 0.2973372781065089 0.8916256157635468 0.04437869822485207 0.10837438423645321
6 0.5532544378698225 0.8842364532019704 0.047337278106508875 0.10344827586206896
1 0.6642011834319527 0.8866995073891626 0.04437869822485207 0.10837438423645321
0 0.24260355029585798 0.8891625615763546 0.05029585798816568 0.10837438423645321
0 0.6079881656804734 0.8817733990147784 0.047337278106508875 0.10344827586206896
4 0.46449704142011833 0.8866995073891626 0.04437869822485207 0.10837438423645321
1 0.8313609467455622 0.8817733990147784 0.04142011834319527 0.10837438423645321
4 0.07248520710059171 0.8990147783251231 0.05029585798816568 0.10837438423645321
1 0.7189349112426036 0.8866995073891626 0.04142011834319527 0.10837438423645321
6 0.35502958579881655 0.8891625615763546 0.047337278106508875 0.10344827586206896
5 0.7751479289940828 0.8817733990147784 0.04437869822485207 0.10837438423645321
4 0.40976331360946744 0.8891625615763546 0.04437869822485207 0.10344827586206896