2 0.85 0.924892703862661 0.04857142857142857 0.11587982832618025
8 0.3357142857142857 0.9184549356223176 0.045714285714285714 0.11158798283261803
6 0.28 0.9227467811158798 0.04857142857142857 0.11587982832618025
8 0.7342857142857143 0.927038626609442 0.04857142857142857 0.11587982832618025
0 0.4585714285714286 0.9206008583690987 0.05142857142857143 0.11158798283261803
0 0.17 0.924892703862661 0.045714285714285714 0.11158798283261803
0 0.6742857142857143 0.9227467811158798 0.04857142857142857 0.11158798283261803
8 0.06 0.9291845493562232 0.045714285714285714 0.11158798283261803
0 0.6157142857142858 0.9227467811158798 0.04857142857142857 0.11158798283261803
7 0.7928571428571428 0.924892703862661 0.05142857142857143 0.11587982832618025
7 0.22285714285714286 0.9227467811158798 0.045714285714285714 0.11587982832618025
5 0.56 0.924892703862661 0.045714285714285714 0.11158798283261803
1 0.40285714285714286 0.9184549356223176 0.037142857142857144 0.11158798283261803