2 0.7676767676767676 0.8951048951048951 0.050505050505050504 0.0979020979020979
0 0.6414141414141414 0.8916083916083916 0.045454545454545456 0.0979020979020979
0 0.2297979797979798 0.8881118881118881 0.045454545454545456 0.09090909090909091
0 0.29292929292929293 0.8881118881118881 0.045454545454545456 0.0979020979020979
6 0.35353535353535354 0.8916083916083916 0.04040404040404041 0.09090909090909091
3 0.7070707070707071 0.8951048951048951 0.045454545454545456 0.0979020979020979
4 0.06565656565656566 0.8881118881118881 0.045454545454545456 0.09090909090909091
6 0.8939393939393939 0.8986013986013986 0.045454545454545456 0.09090909090909091
7 0.5808080808080808 0.8916083916083916 0.045454545454545456 0.0979020979020979
6 0.8333333333333334 0.8986013986013986 0.04040404040404041 0.09090909090909091
2 0.16414141414141414 0.8881118881118881 0.04040404040404041 0.09090909090909091
0 0.16414141414141414 0.8881118881118881 0.04040404040404041 0.09090909090909091
0 0.4202525252525252 0.8936363636363637 0.0496969696969697 0.09944055944055945