2 0.44548872180451127 0.8537735849056604 0.04887218045112782 0.18867924528301888
2 0.6015037593984962 0.8537735849056604 0.05263157894736842 0.19811320754716982
9 0.8289473684210527 0.8443396226415094 0.05263157894736842 0.18867924528301888
3 0.39097744360902253 0.8490566037735849 0.05263157894736842 0.19811320754716982
0 0.22180451127819548 0.8537735849056604 0.04887218045112782 0.18867924528301888
3 0.7725563909774437 0.839622641509434 0.05263157894736842 0.19811320754716982
4 0.06015037593984962 0.8537735849056604 0.05263157894736842 0.19811320754716982
4 0.33458646616541354 0.8537735849056604 0.05263157894736842 0.18867924528301888
0 0.2781954887218045 0.8490566037735849 0.05263157894736842 0.18867924528301888
4 0.6578947368421053 0.8490566037735849 0.04887218045112782 0.18867924528301888
4 0.7142857142857143 0.8490566037735849 0.05263157894736842 0.18867924528301888
7 0.5018796992481203 0.8490566037735849 0.05263157894736842 0.19811320754716982
6 0.8853383458646616 0.8443396226415094 0.05263157894736842 0.18867924528301888