0 0.4793814432989691 0.8290598290598291 0.05670103092783505 0.13675213675213677
0 0.17783505154639176 0.8333333333333334 0.05154639175257732 0.1282051282051282
0 0.5850515463917526 0.8247863247863247 0.05154639175257732 0.1282051282051282
7 0.7087628865979382 0.8247863247863247 0.05670103092783505 0.1282051282051282
0 0.23711340206185566 0.8333333333333334 0.05670103092783505 0.1282051282051282
4 0.770618556701031 0.8247863247863247 0.05154639175257732 0.1282051282051282
0 0.4175257731958763 0.8290598290598291 0.05670103092783505 0.13675213675213677
3 0.6469072164948454 0.8247863247863247 0.05670103092783505 0.13675213675213677
5 0.3582474226804124 0.8333333333333334 0.05154639175257732 0.13675213675213677
5 0.2963917525773196 0.8333333333333334 0.05154639175257732 0.13675213675213677
7 0.8324742268041238 0.8205128205128205 0.05670103092783505 0.1282051282051282
7 0.8969072164948454 0.8205128205128205 0.05154639175257732 0.1282051282051282
4 0.059278350515463915 0.8376068376068376 0.05154639175257732 0.1282051282051282