3 0.4779735682819383 0.894927536231884 0.06607929515418502 0.14492753623188406
6 0.788546255506608 0.9094202898550725 0.05726872246696035 0.13043478260869565
0 0.5903083700440529 0.9021739130434783 0.06167400881057269 0.13768115942028986
3 0.9118942731277533 0.9057971014492754 0.05726872246696035 0.13768115942028986
0 0.16519823788546256 0.8586956521739131 0.05286343612334802 0.13768115942028986
1 0.41629955947136565 0.894927536231884 0.05286343612334802 0.13043478260869565
1 0.28854625550660795 0.8804347826086957 0.048458149779735685 0.13768115942028986
0 0.6585903083700441 0.9057971014492754 0.06167400881057269 0.13768115942028986
0 0.7224669603524229 0.9057971014492754 0.05726872246696035 0.13043478260869565
0 0.22466960352422907 0.8659420289855072 0.05726872246696035 0.13043478260869565
1 0.8524229074889867 0.9094202898550725 0.048458149779735685 0.13043478260869565
4 0.048458149779735685 0.8369565217391305 0.048458149779735685 0.13768115942028986
5 0.34801762114537443 0.8876811594202898 0.05726872246696035 0.13768115942028986