0 0.23431734317343172 0.8972972972972973 0.06273062730627306 0.14054054054054055
2 0.7047970479704797 0.8837837837837837 0.055350553505535055 0.13513513513513514
0 0.17158671586715868 0.8972972972972973 0.06273062730627306 0.14054054054054055
6 0.7656826568265682 0.8837837837837837 0.055350553505535055 0.13513513513513514
0 0.5811808118081181 0.8864864864864865 0.05904059040590406 0.14054054054054055
0 0.6439114391143912 0.8864864864864865 0.06273062730627306 0.13513513513513514
4 0.8265682656826568 0.8837837837837837 0.05904059040590406 0.13513513513513514
4 0.07011070110701106 0.9 0.05904059040590406 0.12972972972972974
1 0.8874538745387454 0.8783783783783784 0.04428044280442804 0.12432432432432433
3 0.4225092250922509 0.8945945945945946 0.05904059040590406 0.13513513513513514
1 0.4833948339483395 0.8891891891891892 0.04428044280442804 0.12432432432432433
7 0.29704797047970477 0.8972972972972973 0.05166051660516605 0.12432432432432433
2 0.35793357933579334 0.8945945945945946 0.05904059040590406 0.14054054054054055