2 0.28541666666666665 0.8611111111111112 0.05416666666666667 0.15079365079365079
8 0.46458333333333335 0.8611111111111112 0.05 0.15079365079365079
2 0.6270833333333333 0.8571428571428571 0.05 0.15079365079365079
2 0.74375 0.8571428571428571 0.05 0.15079365079365079
4 0.3458333333333333 0.8611111111111112 0.05 0.14285714285714285
0 0.16458333333333333 0.8611111111111112 0.05 0.15079365079365079
4 0.4041666666666667 0.8611111111111112 0.05 0.15079365079365079
0 0.225 0.8611111111111112 0.05416666666666667 0.15079365079365079
1 0.8020833333333334 0.8531746031746031 0.04583333333333333 0.14285714285714285
0 0.5708333333333333 0.8571428571428571 0.05 0.15079365079365079
4 0.04791666666666667 0.8611111111111112 0.05 0.15079365079365079
7 0.8604166666666667 0.8531746031746031 0.05 0.15079365079365079
4 0.6875 0.8571428571428571 0.05 0.14285714285714285