3 0.6335311572700296 0.86328125 0.05341246290801187 0.1015625
3 0.5192878338278932 0.8203125 0.05934718100890208 0.1015625
8 0.03857566765578635 0.63671875 0.050445103857566766 0.09765625
5 0.6884272997032641 0.884765625 0.05341246290801187 0.09765625
0 0.4258160237388724 0.783203125 0.05637982195845697 0.09765625
4 0.25667655786350146 0.720703125 0.04451038575667656 0.09765625
3 0.3694362017804154 0.759765625 0.05934718100890208 0.10546875
5 0.744807121661721 0.908203125 0.05637982195845697 0.09765625
8 0.5756676557863502 0.841796875 0.05341246290801187 0.1015625
0 0.314540059347181 0.7421875 0.05637982195845697 0.1015625
5 0.8011869436201781 0.927734375 0.05341246290801187 0.09375
0 0.14869436201780414 0.677734375 0.05572700296735905 0.09765625
0 0.2032640949554896 0.701171875 0.05637982195845697 0.09765625