3 0.9026845637583892 0.9380165289256198 0.053691275167785234 0.11570247933884298
2 0.709731543624161 0.9297520661157025 0.050335570469798654 0.11570247933884298
3 0.06208053691275168 0.9008264462809917 0.050335570469798654 0.1322314049586777
5 0.24161073825503357 0.9090909090909091 0.0436241610738255 0.11570247933884298
0 0.18120805369127516 0.9090909090909091 0.050335570469798654 0.11570247933884298
8 0.6476510067114094 0.9256198347107438 0.050335570469798654 0.11570247933884298
0 0.4798657718120805 0.9214876033057852 0.050335570469798654 0.12396694214876033
7 0.29697986577181207 0.9132231404958677 0.04697986577181208 0.11570247933884298
1 0.587248322147651 0.9256198347107438 0.040268456375838924 0.11570247933884298
6 0.7734899328859061 0.9338842975206612 0.053691275167785234 0.11570247933884298
4 0.41946308724832215 0.9214876033057852 0.04697986577181208 0.12396694214876033
9 0.837248322147651 0.9338842975206612 0.053691275167785234 0.11570247933884298
6 0.35906040268456374 0.9173553719008265 0.050335570469798654 0.11570247933884298