8 0.3786008230452675 0.8806451612903226 0.04938271604938271 0.10967741935483871
3 0.8292181069958847 0.8806451612903226 0.04938271604938271 0.11612903225806452
2 0.4382716049382716 0.8870967741935484 0.04938271604938271 0.12258064516129032
5 0.32098765432098764 0.8741935483870967 0.04526748971193416 0.10967741935483871
0 0.15432098765432098 0.8387096774193549 0.04526748971193416 0.10967741935483871
0 0.20781893004115226 0.8516129032258064 0.04526748971193416 0.10967741935483871
0 0.6584362139917695 0.8935483870967742 0.04938271604938271 0.11612903225806452
0 0.7160493827160493 0.8903225806451613 0.04938271604938271 0.11612903225806452
4 0.04938271604938271 0.8129032258064516 0.0411522633744856 0.10967741935483871
0 0.5987654320987654 0.8935483870967742 0.04938271604938271 0.11612903225806452
0 0.26337448559670784 0.8612903225806452 0.04938271604938271 0.11612903225806452
5 0.5370370370370371 0.896774193548387 0.04938271604938271 0.10967741935483871
9 0.7736625514403292 0.8870967741935484 0.04938271604938271 0.11612903225806452