2 0.26245847176079734 0.10121457489878542 0.046511627906976744 0.08502024291497975
2 0.38870431893687707 0.10323886639676114 0.046511627906976744 0.08502024291497975
9 0.1362126245847176 0.09716599190283401 0.046511627906976744 0.08097165991902834
2 0.9539202657807309 0.10651821862348178 0.049335548172757475 0.0982591093117409
0 0.8612624584717609 0.10696356275303645 0.050066445182724253 0.08834008097165992
0 0.7977740863787375 0.10582995951417004 0.04415282392026578 0.08611336032388664
7 0.73578073089701 0.1011336032388664 0.050066445182724253 0.09105263157894736
0 0.6746843853820599 0.10518218623481781 0.043023255813953484 0.09194331983805669
0 0.6109966777408637 0.10676113360323887 0.04857142857142857 0.08429149797570851
1 0.5528903654485049 0.09975708502024291 0.035614617940199336 0.08473684210526315
5 0.4517275747508306 0.10336032388663968 0.0459468438538206 0.09554655870445344
3 0.32641196013289037 0.10089068825910932 0.0492358803986711 0.08700404858299594
3 0.20295681063122925 0.10404858299595142 0.04146179401993356 0.08971659919028341