8 0.422554347826087 0.8545454545454545 0.043478260869565216 0.10909090909090909
3 0.30570652173913043 0.8545454545454545 0.04619565217391304 0.10909090909090909
0 0.18614130434782608 0.8522727272727273 0.043478260869565216 0.10909090909090909
4 0.06793478260869565 0.8568181818181818 0.04619565217391304 0.10909090909090909
1 0.561141304347826 0.8568181818181818 0.03804347826086957 0.10909090909090909
0 0.48097826086956524 0.8545454545454545 0.043478260869565216 0.10909090909090909
3 0.7961956521739131 0.8568181818181818 0.043478260869565216 0.10909090909090909
1 0.6182065217391305 0.8545454545454545 0.04076086956521739 0.10909090909090909
7 0.3641304347826087 0.8522727272727273 0.043478260869565216 0.11363636363636363
0 0.24592391304347827 0.8522727272727273 0.04619565217391304 0.10909090909090909
7 0.7364130434782609 0.8545454545454545 0.043478260869565216 0.11363636363636363
9 0.6793478260869565 0.8545454545454545 0.04619565217391304 0.10909090909090909
9 0.8546195652173914 0.8568181818181818 0.043478260869565216 0.10909090909090909