4 0.08525345622119816 0.9171779141104295 0.05069124423963134 0.11042944785276074
2 0.7972350230414746 0.9079754601226994 0.05069124423963134 0.11042944785276074
5 0.3294930875576037 0.9141104294478528 0.05069124423963134 0.11042944785276074
0 0.2073732718894009 0.9141104294478528 0.05069124423963134 0.10429447852760736
8 0.6751152073732719 0.911042944785276 0.05069124423963134 0.10429447852760736
0 0.2672811059907834 0.911042944785276 0.05069124423963134 0.10429447852760736
0 0.6152073732718893 0.9079754601226994 0.05069124423963134 0.11042944785276074
2 0.45161290322580644 0.9141104294478528 0.055299539170506916 0.11042944785276074
0 0.7373271889400922 0.9079754601226994 0.05069124423963134 0.10429447852760736
9 0.9170506912442397 0.9079754601226994 0.05069124423963134 0.10429447852760736
6 0.8571428571428571 0.9079754601226994 0.05069124423963134 0.10429447852760736
7 0.391705069124424 0.911042944785276 0.055299539170506916 0.11042944785276074
1 0.5138248847926268 0.911042944785276 0.04608294930875576 0.10429447852760736