2 0.7099644128113879 0.8925 0.046263345195729534 0.105
2 0.7651245551601423 0.89 0.046263345195729534 0.105
0 0.2117437722419929 0.905 0.0498220640569395 0.105
0 0.2704626334519573 0.905 0.0498220640569395 0.11
0 0.6530249110320284 0.8925 0.0498220640569395 0.105
0 0.5960854092526691 0.8925 0.0498220640569395 0.105
4 0.09608540925266904 0.9125 0.0498220640569395 0.11
0 0.3274021352313167 0.9025 0.0498220640569395 0.105
4 0.3861209964412811 0.9 0.046263345195729534 0.105
0 0.498220640569395 0.8975 0.0498220640569395 0.105
0 0.4412811387900356 0.8975 0.0498220640569395 0.105
4 0.8772241992882562 0.8875 0.046263345195729534 0.11
0 0.8202846975088968 0.885 0.0498220640569395 0.105