2 0.7842465753424658 0.7222222222222222 0.1643835616438356 0.05228758169934641
8 0.791095890410959 0.6617647058823529 0.17123287671232876 0.05228758169934641
0 0.7773972602739726 0.7794117647058824 0.15753424657534246 0.05228758169934641
0 0.7671232876712328 0.8382352941176471 0.1643835616438356 0.05228758169934641
0 0.863013698630137 0.17973856209150327 0.1780821917808219 0.06209150326797386
0 0.8253424657534246 0.4362745098039216 0.17123287671232876 0.05555555555555555
0 0.8721232876712328 0.11437908496732026 0.18034246575342464 0.058823529411764705
4 0.7561643835616438 0.9575163398692811 0.15890410958904108 0.05228758169934641
9 0.8385616438356165 0.37254901960784315 0.1771917808219178 0.05555555555555555
9 0.8082191780821918 0.6013071895424836 0.1643835616438356 0.05555555555555555
7 0.812054794520548 0.5392156862745098 0.17678082191780822 0.05535947712418301
1 0.855 0.30617647058823527 0.18226027397260275 0.04212418300653595
6 0.8654794520547945 0.2445424836601307 0.18863013698630138 0.06519607843137255