2 0.8855421686746988 0.2271186440677966 0.12048192771084337 0.05084745762711865
0 0.8734939759036144 0.8203389830508474 0.1144578313253012 0.04745762711864407
4 0.8734939759036144 0.9372881355932203 0.1144578313253012 0.05423728813559322
0 0.8734939759036144 0.7661016949152543 0.1144578313253012 0.04745762711864407
8 0.8855421686746988 0.1711864406779661 0.12048192771084337 0.05084745762711865
1 0.8795180722891566 0.2830508474576271 0.1144578313253012 0.04406779661016949
5 0.8765060240963856 0.5474576271186441 0.12048192771084337 0.05084745762711865
6 0.8795180722891566 0.39322033898305087 0.12048192771084337 0.05084745762711865
6 0.8734939759036144 0.6033898305084746 0.12048192771084337 0.05084745762711865
1 0.8795180722891566 0.3389830508474576 0.1144578313253012 0.04067796610169491
3 0.8795180722891566 0.44745762711864406 0.12048192771084337 0.05084745762711865
6 0.8734939759036144 0.6576271186440678 0.12048192771084337 0.05084745762711865
3 0.8740963855421686 0.7113559322033898 0.1169277108433735 0.04711864406779661