8 0.8602150537634409 0.9044943820224719 0.04838709677419355 0.15730337078651685
3 0.053763440860215055 0.8820224719101124 0.053763440860215055 0.16853932584269662
4 0.7419354838709677 0.898876404494382 0.04838709677419355 0.15730337078651685
2 0.17473118279569894 0.8820224719101124 0.053763440860215055 0.16853932584269662
2 0.6827956989247311 0.898876404494382 0.04838709677419355 0.15730337078651685
0 0.6263440860215054 0.8932584269662921 0.04838709677419355 0.15730337078651685
2 0.34946236559139787 0.8876404494382022 0.04838709677419355 0.15730337078651685
0 0.46774193548387094 0.8876404494382022 0.04838709677419355 0.15730337078651685
0 0.5672043010752689 0.8932584269662921 0.04838709677419355 0.15730337078651685
6 0.2903225806451613 0.8932584269662921 0.053763440860215055 0.16853932584269662
9 0.7983870967741935 0.898876404494382 0.04838709677419355 0.15730337078651685
7 0.23387096774193547 0.8820224719101124 0.04838709677419355 0.16853932584269662
3 0.40860215053763443 0.8876404494382022 0.04838709677419355 0.16853932584269662