2 0.5793103448275863 0.8779904306220095 0.05862068965517241 0.11961722488038277
5 0.2827586206896552 0.8588516746411483 0.05517241379310345 0.11483253588516747
0 0.6413793103448275 0.8779904306220095 0.05862068965517241 0.11961722488038277
4 0.7655172413793103 0.8803827751196173 0.05172413793103448 0.11961722488038277
0 0.4689655172413793 0.8732057416267942 0.05862068965517241 0.11961722488038277
4 0.05 0.8229665071770335 0.04482758620689655 0.11961722488038277
9 0.8810344827586207 0.8732057416267942 0.05172413793103448 0.11961722488038277
5 0.3431034482758621 0.8636363636363636 0.05862068965517241 0.11961722488038277
0 0.4068965517241379 0.868421052631579 0.05862068965517241 0.12440191387559808
0 0.16034482758620688 0.8421052631578947 0.05517241379310345 0.11961722488038277
0 0.8241379310344827 0.8755980861244019 0.05517241379310345 0.11961722488038277
0 0.2206896551724138 0.8516746411483254 0.05517241379310345 0.11961722488038277
9 0.7034482758620689 0.8803827751196173 0.05862068965517241 0.11961722488038277