2 0.2927927927927928 0.9175824175824175 0.05855855855855856 0.09340659340659341
2 0.15990990990990991 0.9175824175824175 0.05405405405405406 0.09340659340659341
2 0.42342342342342343 0.9148351648351648 0.05405405405405406 0.09340659340659341
8 0.22522522522522523 0.9175824175824175 0.05405405405405406 0.09340659340659341
5 0.49099099099099097 0.9148351648351648 0.05405405405405406 0.09340659340659341
8 0.9369369369369369 0.9120879120879121 0.04954954954954955 0.08791208791208792
0 0.0518018018018018 0.9175824175824175 0.05855855855855856 0.09340659340659341
0 0.6036036036036037 0.9120879120879121 0.05405405405405406 0.09340659340659341
7 0.7364864864864865 0.9120879120879121 0.05405405405405406 0.09340659340659341
3 0.6734234234234234 0.9120879120879121 0.05405405405405406 0.09340659340659341
9 0.8693693693693694 0.9093406593406593 0.05405405405405406 0.09340659340659341
9 0.3581081081081081 0.9148351648351648 0.05855855855855856 0.08791208791208792
1 0.8040540540540541 0.9120879120879121 0.04054054054054054 0.08791208791208792