6 0.6337837837837837 0.8984962406015038 0.051351351351351354 0.10902255639097744
0 0.2743243243243243 0.8853383458646616 0.062162162162162166 0.12406015037593984
8 0.6959459459459459 0.900375939849624 0.04864864864864865 0.10902255639097744
8 0.8148648648648649 0.9041353383458647 0.051351351351351354 0.10902255639097744
0 0.4635135135135135 0.8890977443609023 0.05945945945945946 0.12406015037593984
6 0.14864864864864866 0.8834586466165414 0.06486486486486487 0.11654135338345864
4 0.3364864864864865 0.8853383458646616 0.04864864864864865 0.10526315789473684
0 0.5702702702702702 0.8909774436090225 0.06486486486486487 0.12030075187969924
0 0.3972972972972973 0.8872180451127819 0.05675675675675676 0.12406015037593984
2 0.8743243243243243 0.900375939849624 0.051351351351351354 0.12030075187969924
1 0.21216216216216216 0.8853383458646616 0.04594594594594595 0.10902255639097744
4 0.754054054054054 0.8966165413533834 0.04594594594594595 0.10526315789473684
7 0.024324324324324326 0.8834586466165414 0.04864864864864865 0.10902255639097744