2 0.6868131868131868 0.8523809523809524 0.047619047619047616 0.2
6 0.2948717948717949 0.8523809523809524 0.047619047619047616 0.2
0 0.23626373626373626 0.8476190476190476 0.047619047619047616 0.2
2 0.7454212454212454 0.8476190476190476 0.047619047619047616 0.2
0 0.17582417582417584 0.8476190476190476 0.047619047619047616 0.2
0 0.5714285714285714 0.8476190476190476 0.047619047619047616 0.2
9 0.3534798534798535 0.8476190476190476 0.05128205128205128 0.2
0 0.8040293040293041 0.8428571428571429 0.05128205128205128 0.2
0 0.63003663003663 0.8476190476190476 0.05128205128205128 0.2
2 0.4706959706959707 0.8523809523809524 0.047619047619047616 0.2
5 0.41208791208791207 0.8523809523809524 0.047619047619047616 0.2
4 0.8626373626373627 0.8476190476190476 0.047619047619047616 0.2
4 0.056776556776556776 0.8523809523809524 0.047619047619047616 0.2