0 0.6953405017921147 0.883495145631068 0.04659498207885305 0.10194174757281553
0 0.1881720430107527 0.883495145631068 0.04659498207885305 0.0970873786407767
0 0.24910394265232974 0.883495145631068 0.05017921146953405 0.10194174757281553
3 0.30824372759856633 0.883495145631068 0.05017921146953405 0.10194174757281553
3 0.8655913978494624 0.8859223300970874 0.05017921146953405 0.10194174757281553
6 0.42473118279569894 0.883495145631068 0.05017921146953405 0.0970873786407767
7 0.8118279569892473 0.8810679611650486 0.05017921146953405 0.10194174757281553
0 0.6362007168458781 0.8810679611650486 0.04659498207885305 0.10194174757281553
7 0.3655913978494624 0.8810679611650486 0.05017921146953405 0.0970873786407767
7 0.5806451612903226 0.8810679611650486 0.05017921146953405 0.0970873786407767
3 0.7526881720430108 0.883495145631068 0.04659498207885305 0.10194174757281553
4 0.08243727598566308 0.883495145631068 0.043010752688172046 0.08737864077669903
4 0.48028673835125446 0.8810679611650486 0.043010752688172046 0.09223300970873786