8 0.6913793103448276 0.8580246913580247 0.05172413793103448 0.1419753086419753
2 0.753448275862069 0.8580246913580247 0.05172413793103448 0.14814814814814814
6 0.5689655172413793 0.8641975308641975 0.05172413793103448 0.1419753086419753
2 0.8758620689655172 0.8549382716049383 0.05172413793103448 0.14814814814814814
8 0.05862068965517241 0.8796296296296297 0.05172413793103448 0.1419753086419753
3 0.4 0.8703703703703703 0.05517241379310345 0.14814814814814814
7 0.46206896551724136 0.8672839506172839 0.05172413793103448 0.1419753086419753
0 0.6293103448275862 0.8611111111111112 0.05172413793103448 0.1419753086419753
5 0.33793103448275863 0.8734567901234568 0.04827586206896552 0.1419753086419753
1 0.8206896551724138 0.8549382716049383 0.04827586206896552 0.1419753086419753
4 0.27586206896551724 0.8734567901234568 0.05172413793103448 0.1419753086419753
0 0.15344827586206897 0.8761111111111112 0.05172413793103448 0.13666666666666666
0 0.21551724137931033 0.8765432098765432 0.05172413793103448 0.13580246913580246