2 0.30303030303030304 0.8730964467005076 0.05454545454545454 0.14720812182741116
0 0.1787878787878788 0.8730964467005076 0.05757575757575758 0.15228426395939088
9 0.36515151515151517 0.868020304568528 0.05454545454545454 0.14720812182741116
0 0.2409090909090909 0.8730964467005076 0.05757575757575758 0.15228426395939088
2 0.8287878787878787 0.868020304568528 0.05454545454545454 0.14213197969543148
4 0.42727272727272725 0.8705583756345178 0.051515151515151514 0.14720812182741116
0 0.48787878787878786 0.8654822335025381 0.05454545454545454 0.15228426395939088
3 0.5909090909090909 0.8705583756345178 0.051515151515151514 0.14720812182741116
4 0.8893939393939394 0.8705583756345178 0.048484848484848485 0.14720812182741116
0 0.7727272727272727 0.868020304568528 0.05454545454545454 0.14720812182741116
4 0.05909090909090909 0.8756345177664975 0.05454545454545454 0.15228426395939088
6 0.6515151515151515 0.868020304568528 0.05454545454545454 0.15228426395939088
8 0.7121212121212122 0.868020304568528 0.051515151515151514 0.14720812182741116