0 0.17664670658682635 0.8626373626373627 0.059880239520958084 0.16483516483516483
4 0.44011976047904194 0.8571428571428571 0.05389221556886228 0.15384615384615385
0 0.24251497005988024 0.8626373626373627 0.059880239520958084 0.16483516483516483
5 0.7664670658682635 0.8516483516483516 0.059880239520958084 0.17582417582417584
5 0.37425149700598803 0.8626373626373627 0.059880239520958084 0.16483516483516483
0 0.5718562874251497 0.8571428571428571 0.059880239520958084 0.17582417582417584
7 0.9041916167664671 0.8516483516483516 0.059880239520958084 0.17582417582417584
8 0.7005988023952096 0.8571428571428571 0.05389221556886228 0.16483516483516483
7 0.6377245508982036 0.8516483516483516 0.059880239520958084 0.17582417582417584
4 0.11377245508982035 0.8626373626373627 0.05389221556886228 0.16483516483516483
8 0.5059880239520959 0.8571428571428571 0.05389221556886228 0.16483516483516483
3 0.3083832335329341 0.8681318681318682 0.059880239520958084 0.17582417582417584
3 0.8353293413173652 0.8516483516483516 0.0658682634730539 0.17582417582417584