2 0.49216300940438873 0.8425925925925926 0.05642633228840126 0.17901234567901234
2 0.7836990595611285 0.8611111111111112 0.05956112852664577 0.1728395061728395
8 0.42946708463949845 0.8395061728395061 0.06269592476489028 0.1728395061728395
0 0.17711598746081506 0.8240740740740741 0.06269592476489028 0.17901234567901234
0 0.5971786833855799 0.8487654320987654 0.05956112852664577 0.1728395061728395
0 0.30250783699059564 0.8302469135802469 0.06269592476489028 0.17901234567901234
3 0.7225705329153606 0.8549382716049383 0.05956112852664577 0.18518518518518517
6 0.6598746081504702 0.8518518518518519 0.05956112852664577 0.17901234567901234
4 0.8432601880877743 0.8672839506172839 0.05642633228840126 0.16666666666666666
5 0.23981191222570533 0.8271604938271605 0.05642633228840126 0.18518518518518517
5 0.3652037617554859 0.8333333333333334 0.05329153605015674 0.17901234567901234
5 0.047021943573667714 0.8179012345679012 0.05642633228840126 0.18518518518518517
8 0.9091222570532915 0.8651851851851852 0.05862068965517241 0.17518518518518517