0 0.7401574803149606 0.864406779661017 0.16535433070866143 0.05084745762711865
4 0.7677165354330708 0.6847457627118644 0.18110236220472442 0.05423728813559322
8 0.8543307086614174 0.15423728813559323 0.18110236220472442 0.0576271186440678
3 0.8267716535433071 0.28135593220338984 0.1889763779527559 0.0576271186440678
2 0.8228346456692913 0.3440677966101695 0.1889763779527559 0.05423728813559322
0 0.7992125984251969 0.4661016949152542 0.18110236220472442 0.05423728813559322
0 0.7480314960629921 0.8033898305084746 0.1732283464566929 0.05423728813559322
5 0.84251968503937 0.21694915254237288 0.18110236220472442 0.05423728813559322
9 0.7795275590551181 0.6254237288135593 0.18110236220472442 0.05423728813559322
1 0.7614173228346457 0.7443389830508474 0.1905511811023622 0.04444067796610169
9 0.7965354330708662 0.5654237288135594 0.19370078740157481 0.058779661016949154
1 0.8075590551181102 0.4031864406779661 0.18220472440944882 0.04874576271186441
4 0.7461417322834646 0.9519661016949152 0.168503937007874 0.040508474576271186