1 0.2421875 0.8320610687022901 0.041666666666666664 0.13740458015267176
0 0.34375 0.8320610687022901 0.041666666666666664 0.13740458015267176
7 0.7708333333333334 0.8244274809160306 0.046875 0.1450381679389313
0 0.703125 0.8320610687022901 0.046875 0.1450381679389313
0 0.6380208333333334 0.8282442748091603 0.046875 0.13740458015267176
0 0.3958333333333333 0.8320610687022901 0.041666666666666664 0.1450381679389313
2 0.1875 0.8358778625954199 0.046875 0.1450381679389313
5 0.8333333333333334 0.8244274809160306 0.046875 0.1450381679389313
0 0.5729166666666666 0.8282442748091603 0.046875 0.13740458015267176
5 0.4479166666666667 0.8282442748091603 0.041666666666666664 0.1450381679389313
2 0.1328125 0.8320610687022901 0.046875 0.1450381679389313
6 0.9010416666666666 0.8244274809160306 0.041666666666666664 0.1450381679389313
6 0.2916666666666667 0.8320610687022901 0.041666666666666664 0.1450381679389313