0 0.8611111111111112 0.8056426332288401 0.14814814814814814 0.05642633228840126
2 0.8641975308641975 0.3432601880877743 0.14814814814814814 0.05329153605015674
0 0.8611111111111112 0.7445141065830722 0.14814814814814814 0.05642633228840126
0 0.8611111111111112 0.6253918495297806 0.14814814814814814 0.05329153605015674
0 0.8641975308641975 0.40282131661442006 0.14814814814814814 0.05642633228840126
4 0.8672839506172839 0.10344827586206896 0.1419753086419753 0.05329153605015674
1 0.8611111111111112 0.5047021943573667 0.1419753086419753 0.047021943573667714
1 0.8672839506172839 0.28213166144200624 0.14814814814814814 0.047021943573667714
9 0.8641975308641975 0.6849529780564263 0.14814814814814814 0.05329153605015674
0 0.8672839506172839 0.16300940438871472 0.1419753086419753 0.05956112852664577
8 0.8641975308641975 0.22413793103448276 0.1419753086419753 0.05642633228840126
7 0.8580246913580247 0.5642633228840125 0.1419753086419753 0.05329153605015674
4 0.8611111111111112 0.9294670846394985 0.15432098765432098 0.05956112852664577