2 0.7676470588235295 0.8653846153846154 0.05588235294117647 0.14835164835164835
2 0.8955882352941177 0.8598901098901099 0.052941176470588235 0.14835164835164835
4 0.2735294117647059 0.8626373626373627 0.052941176470588235 0.14285714285714285
3 0.4 0.8626373626373627 0.058823529411764705 0.14835164835164835
8 0.7029411764705882 0.8626373626373627 0.05588235294117647 0.13736263736263737
8 0.052941176470588235 0.8461538461538461 0.05588235294117647 0.13736263736263737
1 0.8352941176470589 0.8626373626373627 0.05 0.13736263736263737
0 0.14852941176470588 0.8516483516483516 0.052941176470588235 0.13186813186813187
0 0.638235294117647 0.8626373626373627 0.05588235294117647 0.14285714285714285
0 0.21029411764705883 0.8543956043956044 0.052941176470588235 0.13736263736263737
6 0.575 0.8626373626373627 0.05588235294117647 0.14285714285714285
7 0.4632352941176471 0.8626373626373627 0.058823529411764705 0.14285714285714285
5 0.3352941176470588 0.8626373626373627 0.052941176470588235 0.14285714285714285