2 0.41568627450980394 0.8896103896103896 0.050980392156862744 0.12987012987012986
0 0.1784313725490196 0.8831168831168831 0.050980392156862744 0.12987012987012986
8 0.8156862745098039 0.8896103896103896 0.050980392156862744 0.12987012987012986
2 0.296078431372549 0.8863636363636364 0.050980392156862744 0.12987012987012986
0 0.696078431372549 0.8863636363636364 0.050980392156862744 0.12987012987012986
0 0.2372549019607843 0.8831168831168831 0.050980392156862744 0.12987012987012986
0 0.7549019607843137 0.8863636363636364 0.050980392156862744 0.12987012987012986
4 0.060784313725490195 0.8863636363636364 0.050980392156862744 0.12987012987012986
5 0.35490196078431374 0.8863636363636364 0.050980392156862744 0.12987012987012986
4 0.4745098039215686 0.8863636363636364 0.047058823529411764 0.12987012987012986
5 0.8745098039215686 0.8896103896103896 0.047058823529411764 0.12987012987012986
3 0.6352941176470588 0.8863636363636364 0.050980392156862744 0.12987012987012986
1 0.5803921568627451 0.8896103896103896 0.043137254901960784 0.12987012987012986