0 0.8821138211382114 0.4063926940639269 0.15447154471544716 0.0547945205479452
1 0.8699186991869918 0.5205479452054794 0.14634146341463414 0.0410958904109589
0 0.8658536585365854 0.7602739726027398 0.14634146341463414 0.0593607305936073
0 0.8658536585365854 0.821917808219178 0.15447154471544716 0.0547945205479452
4 0.8861788617886179 0.2237442922374429 0.13821138211382114 0.0593607305936073
1 0.8894308943089432 0.17319634703196346 0.14292682926829267 0.03237442922374429
3 0.8917886178861788 0.10447488584474886 0.153739837398374 0.05155251141552511
1 0.8863414634146342 0.29621004566210046 0.14910569105691057 0.043607305936073065
1 0.8821138211382114 0.354703196347032 0.1653658536585366 0.03442922374429224
3 0.8801626016260163 0.576392694063927 0.16146341463414635 0.06036529680365297
4 0.8739837398373984 0.6374885844748859 0.14292682926829267 0.05643835616438356
6 0.870081300813008 0.6974885844748858 0.16609756097560976 0.054657534246575344
4 0.8619512195121951 0.9485388127853881 0.14365853658536587 0.05666666666666667