8 0.7450980392156863 0.8731884057971014 0.04411764705882353 0.09420289855072464
2 0.6838235294117647 0.8731884057971014 0.04411764705882353 0.09420289855072464
0 0.1715686274509804 0.8768115942028986 0.04411764705882353 0.09420289855072464
5 0.35049019607843135 0.8768115942028986 0.049019607843137254 0.10144927536231885
0 0.23284313725490197 0.8768115942028986 0.049019607843137254 0.09420289855072464
0 0.8063725490196079 0.8695652173913043 0.04411764705882353 0.10144927536231885
4 0.07598039215686274 0.8804347826086957 0.04411764705882353 0.10144927536231885
1 0.8627450980392157 0.8731884057971014 0.04411764705882353 0.10144927536231885
3 0.625 0.8731884057971014 0.049019607843137254 0.10144927536231885
1 0.5637254901960784 0.8768115942028986 0.04411764705882353 0.09420289855072464
4 0.4681372549019608 0.8768115942028986 0.04411764705882353 0.09420289855072464
5 0.40931372549019607 0.8768115942028986 0.049019607843137254 0.10144927536231885
7 0.28921568627450983 0.8768115942028986 0.049019607843137254 0.10144927536231885