2 0.35714285714285715 0.8425925925925926 0.05263157894736842 0.12962962962962962
4 0.06578947368421052 0.8364197530864198 0.05263157894736842 0.12962962962962962
0 0.17857142857142858 0.8364197530864198 0.05639097744360902 0.12962962962962962
4 0.6842105263157895 0.8518518518518519 0.05263157894736842 0.12345679012345678
3 0.41541353383458646 0.8425925925925926 0.05639097744360902 0.12962962962962962
0 0.5714285714285714 0.845679012345679 0.05263157894736842 0.12345679012345678
5 0.8007518796992481 0.8549382716049383 0.04887218045112782 0.12962962962962962
0 0.24060150375939848 0.8364197530864198 0.05639097744360902 0.12962962962962962
5 0.6278195488721805 0.8487654320987654 0.04887218045112782 0.12962962962962962
7 0.29887218045112784 0.8395061728395061 0.05639097744360902 0.12962962962962962
9 0.7424812030075187 0.8549382716049383 0.05263157894736842 0.12345679012345678
6 0.8590225563909775 0.8580246913580247 0.05263157894736842 0.12345679012345678
7 0.47368421052631576 0.845679012345679 0.05639097744360902 0.12962962962962962