2 0.5943396226415094 0.8911290322580645 0.05188679245283019 0.13709677419354838
5 0.3632075471698113 0.8870967741935484 0.05188679245283019 0.13709677419354838
3 0.7806603773584906 0.8870967741935484 0.05188679245283019 0.13709677419354838
5 0.29952830188679247 0.8870967741935484 0.05188679245283019 0.13709677419354838
5 0.42452830188679247 0.8870967741935484 0.05188679245283019 0.13709677419354838
0 0.1721698113207547 0.8830645161290323 0.05188679245283019 0.12903225806451613
0 0.2358490566037736 0.8830645161290323 0.05188679245283019 0.12903225806451613
0 0.8419811320754716 0.8911290322580645 0.05188679245283019 0.13709677419354838
4 0.07075471698113207 0.8830645161290323 0.05188679245283019 0.14516129032258066
6 0.4882075471698113 0.8911290322580645 0.05188679245283019 0.12903225806451613
6 0.9009433962264151 0.8911290322580645 0.05188679245283019 0.12903225806451613
7 0.6580188679245284 0.8870967741935484 0.05188679245283019 0.13709677419354838
1 0.7264150943396226 0.8911290322580645 0.04716981132075472 0.12903225806451613