2 0.8798283261802575 0.8195876288659794 0.05150214592274678 0.1958762886597938
2 0.37124463519313305 0.8195876288659794 0.055793991416309016 0.1958762886597938
3 0.4313304721030043 0.8195876288659794 0.055793991416309016 0.1958762886597938
0 0.1888412017167382 0.8195876288659794 0.055793991416309016 0.18556701030927836
0 0.24892703862660945 0.8195876288659794 0.055793991416309016 0.18556701030927836
1 0.648068669527897 0.8195876288659794 0.04721030042918455 0.18556701030927836
0 0.5879828326180258 0.8144329896907216 0.055793991416309016 0.18556701030927836
7 0.49141630901287553 0.8195876288659794 0.055793991416309016 0.1958762886597938
5 0.7060085836909872 0.8195876288659794 0.05150214592274678 0.1958762886597938
5 0.8218884120171673 0.8195876288659794 0.05150214592274678 0.18556701030927836
4 0.06223175965665236 0.8195876288659794 0.055793991416309016 0.18556701030927836
4 0.7639484978540773 0.8247422680412371 0.05150214592274678 0.18556701030927836
7 0.3111587982832618 0.8195876288659794 0.055793991416309016 0.1958762886597938