8 0.6973684210526315 0.9263157894736842 0.04887218045112782 0.11052631578947368
8 0.6372180451127819 0.9263157894736842 0.045112781954887216 0.11052631578947368
0 0.17669172932330826 0.9210526315789473 0.05263157894736842 0.11052631578947368
6 0.41729323308270677 0.9263157894736842 0.04887218045112782 0.11052631578947368
4 0.05263157894736842 0.9236842105263158 0.04887218045112782 0.11052631578947368
7 0.8176691729323309 0.9263157894736842 0.05263157894736842 0.11578947368421053
0 0.23684210526315788 0.9210526315789473 0.05263157894736842 0.11052631578947368
0 0.35714285714285715 0.9236842105263158 0.04887218045112782 0.11052631578947368
0 0.5789473684210527 0.9236842105263158 0.04887218045112782 0.11052631578947368
7 0.7593984962406015 0.9263157894736842 0.04887218045112782 0.11578947368421053
7 0.4793233082706767 0.9263157894736842 0.04887218045112782 0.11578947368421053
6 0.29699248120300753 0.9263157894736842 0.04887218045112782 0.10526315789473684
3 0.8740601503759399 0.9263157894736842 0.05263157894736842 0.11052631578947368