2 0.7720848056537103 0.8664772727272727 0.045936395759717315 0.10795454545454546
2 0.30565371024734983 0.8664772727272727 0.045936395759717315 0.10795454545454546
0 0.196113074204947 0.8636363636363636 0.045936395759717315 0.10795454545454546
0 0.6113074204946997 0.8636363636363636 0.045936395759717315 0.10227272727272728
4 0.41519434628975266 0.8664772727272727 0.045936395759717315 0.10795454545454546
4 0.08303886925795052 0.8664772727272727 0.04946996466431095 0.11363636363636363
1 0.6643109540636042 0.8664772727272727 0.04240282685512368 0.10795454545454546
0 0.2508833922261484 0.8664772727272727 0.04946996466431095 0.10795454545454546
4 0.46819787985865724 0.8664772727272727 0.045936395759717315 0.10795454545454546
7 0.7190812720848057 0.8636363636363636 0.045936395759717315 0.10795454545454546
4 0.8250883392226148 0.8636363636363636 0.04240282685512368 0.10795454545454546
6 0.5565371024734982 0.8636363636363636 0.045936395759717315 0.10227272727272728
6 0.36042402826855124 0.8664772727272727 0.045936395759717315 0.10795454545454546