3 0.6926910299003323 0.9184782608695652 0.053156146179401995 0.13043478260869565
8 0.6295681063122923 0.9184782608695652 0.04983388704318937 0.125
3 0.5697674418604651 0.9157608695652174 0.053156146179401995 0.13043478260869565
5 0.7541528239202658 0.9211956521739131 0.053156146179401995 0.13043478260869565
8 0.03820598006644518 0.8967391304347826 0.046511627906976744 0.125
5 0.813953488372093 0.9239130434782609 0.053156146179401995 0.13043478260869565
3 0.4019933554817276 0.9130434782608695 0.053156146179401995 0.13043478260869565
5 0.8754152823920266 0.9239130434782609 0.04983388704318937 0.125
0 0.34053156146179403 0.9103260869565217 0.053156146179401995 0.125
0 0.15780730897009967 0.904891304347826 0.04983388704318937 0.125
0 0.21760797342192692 0.904891304347826 0.04983388704318937 0.125
0 0.4634551495016611 0.9130434782608695 0.04983388704318937 0.125
4 0.27906976744186046 0.9103260869565217 0.04983388704318937 0.125