0 0.5075757575757576 0.8765432098765432 0.051515151515151514 0.16049382716049382
4 0.05 0.8950617283950617 0.05454545454545454 0.16666666666666666
7 0.806060606060606 0.8672839506172839 0.051515151515151514 0.16666666666666666
0 0.31666666666666665 0.8796296296296297 0.05454545454545454 0.16049382716049382
0 0.6803030303030303 0.8703703703703703 0.051515151515151514 0.16049382716049382
0 0.8712121212121212 0.8672839506172839 0.05454545454545454 0.16049382716049382
0 0.18484848484848485 0.8858024691358025 0.05454545454545454 0.16666666666666666
0 0.44393939393939397 0.8765432098765432 0.05454545454545454 0.16049382716049382
5 0.9348484848484848 0.8641975308641975 0.051515151515151514 0.16666666666666666
0 0.25 0.8827160493827161 0.05454545454545454 0.16666666666666666
4 0.38181818181818183 0.8796296296296297 0.051515151515151514 0.16666666666666666
9 0.7439393939393939 0.8703703703703703 0.05454545454545454 0.16049382716049382
1 0.6196969696969697 0.8734567901234568 0.04242424242424243 0.16049382716049382