3 0.7536231884057971 0.7913043478260869 0.05434782608695652 0.19130434782608696
2 0.4601449275362319 0.8217391304347826 0.05434782608695652 0.1826086956521739
0 0.14855072463768115 0.8391304347826087 0.05434782608695652 0.19130434782608696
6 0.8768115942028986 0.782608695652174 0.057971014492753624 0.1826086956521739
3 0.5670289855072463 0.808695652173913 0.05434782608695652 0.2
0 0.21014492753623187 0.8347826086956521 0.05434782608695652 0.19130434782608696
0 0.39855072463768115 0.8217391304347826 0.05434782608695652 0.19130434782608696
3 0.6286231884057971 0.8 0.050724637681159424 0.19130434782608696
4 0.3351449275362319 0.8260869565217391 0.04710144927536232 0.1826086956521739
8 0.6902173913043478 0.8 0.05434782608695652 0.19130434782608696
8 0.2717391304347826 0.8347826086956521 0.05434782608695652 0.19130434782608696
4 0.057971014492753624 0.8521739130434782 0.04710144927536232 0.19130434782608696
7 0.8122101449275362 0.7863478260869566 0.05471014492753623 0.18530434782608696