2 0.47280334728033474 0.875 0.0502092050209205 0.10465116279069768
3 0.41631799163179917 0.875 0.0502092050209205 0.10465116279069768
9 0.801255230125523 0.8633720930232558 0.0502092050209205 0.09302325581395349
0 0.17782426778242677 0.8895348837209303 0.04602510460251046 0.09883720930232558
4 0.6861924686192469 0.8662790697674418 0.04602510460251046 0.09883720930232558
3 0.7447698744769874 0.8633720930232558 0.0502092050209205 0.09883720930232558
0 0.2384937238493724 0.8866279069767442 0.0502092050209205 0.09883720930232558
0 0.5711297071129707 0.872093023255814 0.04602510460251046 0.09883720930232558
7 0.8577405857740585 0.8604651162790697 0.04602510460251046 0.09883720930232558
0 0.6297071129707112 0.8691860465116279 0.04602510460251046 0.09883720930232558
9 0.35564853556485354 0.8808139534883721 0.0502092050209205 0.09883720930232558
4 0.08158995815899582 0.8924418604651163 0.04602510460251046 0.10465116279069768
9 0.29707112970711297 0.8837209302325582 0.04602510460251046 0.09883720930232558