1 0.6756329113924051 0.8623188405797102 0.04430379746835443 0.16666666666666666
0 0.5569620253164557 0.8586956521739131 0.05379746835443038 0.17391304347826086
0 0.615506329113924 0.8586956521739131 0.05379746835443038 0.17391304347826086
0 0.40031645569620256 0.855072463768116 0.05379746835443038 0.17391304347826086
8 0.7879746835443038 0.8623188405797102 0.05379746835443038 0.17391304347826086
0 0.34177215189873417 0.855072463768116 0.05379746835443038 0.17391304347826086
7 0.8465189873417721 0.8623188405797102 0.05379746835443038 0.17391304347826086
0 0.22626582278481014 0.8514492753623188 0.05379746835443038 0.17391304347826086
5 0.28322784810126583 0.855072463768116 0.05063291139240506 0.17391304347826086
4 0.04746835443037975 0.8442028985507246 0.056962025316455694 0.17391304347826086
9 0.4588607594936709 0.8586956521739131 0.056962025316455694 0.17391304347826086
0 0.1661392405063291 0.8478260869565217 0.05379746835443038 0.17391304347826086
8 0.7294303797468354 0.8623188405797102 0.05063291139240506 0.17391304347826086