3 0.853030303030303 0.8940677966101694 0.048484848484848485 0.09745762711864407
0 0.1590909090909091 0.8940677966101694 0.04242424242424243 0.09322033898305085
2 0.7333333333333333 0.8961864406779662 0.04242424242424243 0.1016949152542373
3 0.3393939393939394 0.8919491525423728 0.048484848484848485 0.09745762711864407
0 0.2196969696969697 0.8940677966101694 0.045454545454545456 0.09322033898305085
0 0.553030303030303 0.8898305084745762 0.045454545454545456 0.09745762711864407
4 0.08484848484848485 0.8961864406779662 0.04242424242424243 0.09322033898305085
4 0.6136363636363636 0.8940677966101694 0.04242424242424243 0.09745762711864407
1 0.793939393939394 0.8983050847457628 0.045454545454545456 0.09745762711864407
4 0.2787878787878788 0.8940677966101694 0.04242424242424243 0.09745762711864407
5 0.3984848484848485 0.8940677966101694 0.045454545454545456 0.09745762711864407
7 0.6727272727272727 0.8919491525423728 0.045454545454545456 0.09745762711864407
3 0.4575757575757576 0.8919491525423728 0.048484848484848485 0.09745762711864407