8 0.3623481781376518 0.8255813953488372 0.044534412955465584 0.20930232558139536
8 0.5809716599190283 0.8313953488372093 0.044534412955465584 0.20930232558139536
2 0.6923076923076923 0.8372093023255814 0.048582995951417005 0.22093023255813954
2 0.4190283400809717 0.8313953488372093 0.048582995951417005 0.22093023255813954
0 0.7510121457489879 0.8313953488372093 0.048582995951417005 0.20930232558139536
0 0.1902834008097166 0.8197674418604651 0.048582995951417005 0.22093023255813954
0 0.24898785425101214 0.8197674418604651 0.05263157894736842 0.20930232558139536
0 0.6396761133603239 0.8313953488372093 0.048582995951417005 0.22093023255813954
0 0.4777327935222672 0.8255813953488372 0.05263157894736842 0.20930232558139536
7 0.8623481781376519 0.8372093023255814 0.044534412955465584 0.22093023255813954
4 0.06680161943319839 0.8197674418604651 0.048582995951417005 0.22093023255813954
1 0.805668016194332 0.8372093023255814 0.04048582995951417 0.20930232558139536
4 0.305668016194332 0.8255813953488372 0.044534412955465584 0.22093023255813954