2 0.8605769230769231 0.8737373737373737 0.052884615384615384 0.18181818181818182
0 0.8004807692307693 0.8737373737373737 0.052884615384615384 0.18181818181818182
9 0.24278846153846154 0.8737373737373737 0.057692307692307696 0.1919191919191919
1 0.6754807692307693 0.8737373737373737 0.04807692307692308 0.18181818181818182
0 0.5 0.8737373737373737 0.052884615384615384 0.1919191919191919
8 0.7379807692307693 0.8737373737373737 0.052884615384615384 0.1919191919191919
0 0.6105769230769231 0.8737373737373737 0.052884615384615384 0.1919191919191919
4 0.3076923076923077 0.8737373737373737 0.052884615384615384 0.1919191919191919
0 0.9182692307692307 0.8737373737373737 0.04807692307692308 0.18181818181818182
3 0.052884615384615384 0.8737373737373737 0.052884615384615384 0.20202020202020202
1 0.3701923076923077 0.8737373737373737 0.04807692307692308 0.18181818181818182
5 0.43509615384615385 0.8737373737373737 0.057692307692307696 0.20202020202020202
3 0.18028846153846154 0.8737373737373737 0.052884615384615384 0.20202020202020202