2 0.7960526315789473 0.8830645161290323 0.05263157894736842 0.14516129032258066
2 0.4473684210526316 0.8870967741935484 0.05263157894736842 0.14516129032258066
0 0.21710526315789475 0.8669354838709677 0.05263157894736842 0.14516129032258066
6 0.6754385964912281 0.8830645161290323 0.05263157894736842 0.14516129032258066
0 0.1600877192982456 0.8629032258064516 0.05263157894736842 0.14516129032258066
3 0.5526315789473685 0.8870967741935484 0.05701754385964912 0.1532258064516129
4 0.06578947368421052 0.8508064516129032 0.04824561403508772 0.14516129032258066
5 0.32456140350877194 0.8790322580645161 0.04824561403508772 0.1532258064516129
0 0.6140350877192983 0.8830645161290323 0.05263157894736842 0.14516129032258066
4 0.8552631578947368 0.8790322580645161 0.04824561403508772 0.14516129032258066
5 0.38377192982456143 0.8830645161290323 0.05263157894736842 0.1532258064516129
7 0.2741228070175439 0.875 0.05263157894736842 0.1532258064516129
6 0.7368421052631579 0.8830645161290323 0.05263157894736842 0.1532258064516129