2 0.6080402010050251 0.851063829787234 0.06030150753768844 0.1702127659574468
2 0.7914572864321608 0.8457446808510638 0.05527638190954774 0.1595744680851064
2 0.5125628140703518 0.8563829787234043 0.05527638190954774 0.1702127659574468
3 0.6708542713567839 0.8563829787234043 0.05527638190954774 0.1702127659574468
3 0.45226130653266333 0.8617021276595744 0.05527638190954774 0.1702127659574468
0 0.914572864321608 0.8457446808510638 0.05025125628140704 0.1595744680851064
0 0.20100502512562815 0.8670212765957447 0.05527638190954774 0.1702127659574468
0 0.2663316582914573 0.8617021276595744 0.05527638190954774 0.1702127659574468
0 0.38944723618090454 0.8617021276595744 0.05527638190954774 0.1702127659574468
4 0.7311557788944724 0.8563829787234043 0.05025125628140704 0.1595744680851064
5 0.32663316582914576 0.8670212765957447 0.05527638190954774 0.1702127659574468
9 0.8542713567839196 0.851063829787234 0.05527638190954774 0.1595744680851064
4 0.06532663316582915 0.8723404255319149 0.05527638190954774 0.1595744680851064