2 0.3407202216066482 0.8682795698924731 0.04709141274238227 0.13978494623655913
2 0.46121883656509693 0.8655913978494624 0.04709141274238227 0.13978494623655913
2 0.4002770083102493 0.8655913978494624 0.04709141274238227 0.13978494623655913
8 0.7382271468144044 0.8682795698924731 0.0443213296398892 0.13978494623655913
4 0.6759002770083102 0.8682795698924731 0.04709141274238227 0.13440860215053763
4 0.8573407202216067 0.8682795698924731 0.04709141274238227 0.13440860215053763
3 0.27977839335180055 0.8682795698924731 0.04709141274238227 0.13978494623655913
4 0.05817174515235457 0.8709677419354839 0.04986149584487535 0.13440860215053763
3 0.7991689750692521 0.8682795698924731 0.04709141274238227 0.13978494623655913
0 0.2188365650969529 0.8655913978494624 0.04709141274238227 0.13978494623655913
0 0.15650969529085873 0.8655913978494624 0.04709141274238227 0.13978494623655913
6 0.6163434903047091 0.8682795698924731 0.04709141274238227 0.13978494623655913
6 0.556786703601108 0.8682795698924731 0.04709141274238227 0.13978494623655913