0 0.4088888888888889 0.9093959731543624 0.05333333333333334 0.12080536912751678
0 0.5755555555555556 0.912751677852349 0.05333333333333334 0.12080536912751678
0 0.2866666666666667 0.9093959731543624 0.05333333333333334 0.12080536912751678
0 0.47333333333333333 0.9093959731543624 0.05333333333333334 0.12751677852348994
2 0.8822222222222222 0.9228187919463087 0.05333333333333334 0.12751677852348994
7 0.044444444444444446 0.912751677852349 0.05333333333333334 0.12751677852348994
6 0.16666666666666666 0.912751677852349 0.05333333333333334 0.12080536912751678
1 0.2288888888888889 0.912751677852349 0.044444444444444446 0.12751677852348994
4 0.76 0.9194630872483222 0.04888888888888889 0.12080536912751678
4 0.3466666666666667 0.9093959731543624 0.04888888888888889 0.12080536912751678
8 0.7 0.9161073825503355 0.04888888888888889 0.12080536912751678
6 0.6377777777777778 0.9161073825503355 0.04888888888888889 0.12080536912751678
8 0.8222222222222222 0.9228187919463087 0.05333333333333334 0.12080536912751678