8 0.46105919003115264 0.8537735849056604 0.04672897196261682 0.20754716981132076
4 0.05763239875389408 0.8490566037735849 0.04672897196261682 0.20754716981132076
0 0.15109034267912771 0.8490566037735849 0.04672897196261682 0.20754716981132076
0 0.21339563862928349 0.8490566037735849 0.04672897196261682 0.20754716981132076
8 0.8504672897196262 0.8679245283018868 0.04672897196261682 0.19811320754716982
9 0.67601246105919 0.8584905660377359 0.04672897196261682 0.19811320754716982
9 0.735202492211838 0.8632075471698113 0.04672897196261682 0.19811320754716982
0 0.3395638629283489 0.8537735849056604 0.04984423676012461 0.20754716981132076
5 0.6152647975077882 0.8584905660377359 0.04672897196261682 0.20754716981132076
6 0.557632398753894 0.8584905660377359 0.04672897196261682 0.20754716981132076
9 0.2772585669781931 0.8537735849056604 0.04984423676012461 0.20754716981132076
7 0.40031152647975077 0.8537735849056604 0.04984423676012461 0.20754716981132076
1 0.794392523364486 0.8679245283018868 0.040498442367601244 0.19811320754716982