8 0.2702127659574468 0.8461538461538461 0.04680851063829787 0.17307692307692307
3 0.8127659574468085 0.8221153846153846 0.04680851063829787 0.18269230769230768
6 0.625531914893617 0.8317307692307693 0.05106382978723404 0.17307692307692307
3 0.8765957446808511 0.8221153846153846 0.04680851063829787 0.18269230769230768
2 0.5595744680851064 0.8317307692307693 0.04680851063829787 0.18269230769230768
0 0.46170212765957447 0.8365384615384616 0.04680851063829787 0.17307692307692307
3 0.6851063829787234 0.8317307692307693 0.04680851063829787 0.18269230769230768
0 0.14468085106382977 0.8461538461538461 0.04680851063829787 0.17307692307692307
0 0.20638297872340425 0.8461538461538461 0.05106382978723404 0.17307692307692307
1 0.39574468085106385 0.8365384615384616 0.03829787234042553 0.17307692307692307
5 0.7510638297872341 0.8221153846153846 0.05106382978723404 0.18269230769230768
4 0.05319148936170213 0.8509615384615384 0.04680851063829787 0.16346153846153846
1 0.33191489361702126 0.8413461538461539 0.03829787234042553 0.17307692307692307