0 0.20108695652173914 0.9361111111111111 0.04710144927536232 0.1
0 0.2572463768115942 0.9361111111111111 0.04710144927536232 0.1
3 0.47644927536231885 0.9305555555555556 0.043478260869565216 0.1
0 0.42028985507246375 0.9305555555555556 0.043478260869565216 0.1
9 0.8369565217391305 0.9222222222222223 0.043478260869565216 0.1
1 0.7318840579710145 0.9277777777777778 0.03985507246376811 0.1
0 0.5670289855072463 0.9277777777777778 0.04710144927536232 0.1
1 0.7862318840579711 0.925 0.03985507246376811 0.1
1 0.625 0.9305555555555556 0.03985507246376811 0.1
9 0.36594202898550726 0.9333333333333333 0.04710144927536232 0.1
9 0.3115942028985507 0.9333333333333333 0.04710144927536232 0.1
4 0.09239130434782608 0.9361111111111111 0.043478260869565216 0.10555555555555556
1 0.677536231884058 0.9305555555555556 0.03985507246376811 0.1