8 0.39679715302491103 0.8141891891891891 0.046263345195729534 0.12837837837837837
2 0.6725978647686833 0.8108108108108109 0.046263345195729534 0.13513513513513514
5 0.27580071174377224 0.8175675675675675 0.046263345195729534 0.13513513513513514
4 0.06227758007117438 0.8209459459459459 0.042704626334519574 0.13513513513513514
0 0.21708185053380782 0.8175675675675675 0.046263345195729534 0.12837837837837837
1 0.5533807829181495 0.8108108108108109 0.042704626334519574 0.12837837837837837
5 0.6120996441281139 0.8108108108108109 0.046263345195729534 0.12837837837837837
7 0.33629893238434166 0.8141891891891891 0.046263345195729534 0.13513513513513514
0 0.15658362989323843 0.8175675675675675 0.042704626334519574 0.12837837837837837
9 0.7953736654804271 0.8074324324324325 0.046263345195729534 0.12837837837837837
1 0.4555160142348754 0.8141891891891891 0.03914590747330961 0.12837837837837837
1 0.7348754448398577 0.8074324324324325 0.046263345195729534 0.12837837837837837
7 0.8558718861209964 0.8040540540540541 0.042704626334519574 0.13513513513513514