8 0.42467532467532465 0.8157894736842105 0.04415584415584416 0.15204678362573099
8 0.05584415584415584 0.8187134502923976 0.04415584415584416 0.15789473684210525
0 0.4857142857142857 0.8128654970760234 0.04415584415584416 0.15204678362573099
3 0.7610389610389611 0.804093567251462 0.04415584415584416 0.15789473684210525
5 0.8233766233766234 0.8011695906432749 0.04415584415584416 0.15204678362573099
3 0.3025974025974026 0.8187134502923976 0.04415584415584416 0.15204678362573099
0 0.7012987012987013 0.804093567251462 0.046753246753246755 0.15204678362573099
0 0.18441558441558442 0.8187134502923976 0.04415584415584416 0.14619883040935672
0 0.5805194805194805 0.8099415204678363 0.04415584415584416 0.15204678362573099
3 0.6402597402597403 0.8070175438596491 0.046753246753246755 0.15789473684210525
0 0.24415584415584415 0.8187134502923976 0.04415584415584416 0.15204678362573099
9 0.8818181818181818 0.7982456140350878 0.04415584415584416 0.15204678362573099
9 0.36363636363636365 0.8187134502923976 0.04415584415584416 0.15204678362573099