9 0.4864864864864865 0.8858695652173914 0.051351351351351354 0.10507246376811594
9 0.4297297297297297 0.8858695652173914 0.05405405405405406 0.10507246376811594
2 0.8094594594594594 0.8822463768115942 0.051351351351351354 0.10507246376811594
9 0.581081081081081 0.8840579710144928 0.05405405405405406 0.10507246376811594
0 0.1891891891891892 0.8894927536231884 0.05405405405405406 0.10144927536231885
0 0.25 0.8876811594202898 0.05405405405405406 0.10144927536231885
4 0.6959459459459459 0.8804347826086957 0.051351351351351354 0.10507246376811594
0 0.31216216216216214 0.8858695652173914 0.051351351351351354 0.10144927536231885
1 0.6405405405405405 0.8822463768115942 0.043243243243243246 0.10144927536231885
4 0.06756756756756757 0.8967391304347826 0.051351351351351354 0.10144927536231885
1 0.7567567567567568 0.8804347826086957 0.043243243243243246 0.10144927536231885
9 0.3716216216216216 0.8876811594202898 0.05405405405405406 0.10507246376811594
4 0.8716216216216216 0.8786231884057971 0.04864864864864865 0.10507246376811594