2 0.7651515151515151 0.9166666666666666 0.05303030303030303 0.11764705882352941
5 0.2916666666666667 0.9215686274509803 0.05303030303030303 0.11764705882352941
0 0.8295454545454546 0.9117647058823529 0.06060606060606061 0.11764705882352941
3 0.3522727272727273 0.9215686274509803 0.05303030303030303 0.10784313725490197
9 0.4734848484848485 0.9166666666666666 0.05303030303030303 0.10784313725490197
0 0.23106060606060605 0.9215686274509803 0.05303030303030303 0.10784313725490197
0 0.7045454545454546 0.9166666666666666 0.06060606060606061 0.11764705882352941
4 0.04924242424242424 0.9264705882352942 0.045454545454545456 0.10784313725490197
0 0.5757575757575758 0.9166666666666666 0.05303030303030303 0.11764705882352941
9 0.4128787878787879 0.9166666666666666 0.045454545454545456 0.10784313725490197
7 0.8939393939393939 0.9117647058823529 0.05303030303030303 0.11764705882352941
4 0.6401515151515151 0.9166666666666666 0.05303030303030303 0.10784313725490197
3 0.17045454545454544 0.9215686274509803 0.06060606060606061 0.11764705882352941