2 0.9138655462184874 0.7938144329896907 0.05042016806722689 0.21649484536082475
0 0.6680672268907563 0.8195876288659794 0.0546218487394958 0.20618556701030927
0 0.6050420168067226 0.8247422680412371 0.058823529411764705 0.20618556701030927
9 0.3634453781512605 0.8350515463917526 0.058823529411764705 0.20618556701030927
1 0.49369747899159666 0.8298969072164949 0.05042016806722689 0.20618556701030927
0 0.7310924369747899 0.8144329896907216 0.0546218487394958 0.20618556701030927
0 0.23949579831932774 0.8195876288659794 0.0546218487394958 0.20618556701030927
6 0.7962184873949579 0.8092783505154639 0.0546218487394958 0.20618556701030927
0 0.17857142857142858 0.8092783505154639 0.0546218487394958 0.20618556701030927
5 0.3004201680672269 0.8298969072164949 0.0546218487394958 0.21649484536082475
4 0.43067226890756305 0.8402061855670103 0.0546218487394958 0.20618556701030927
7 0.8550420168067226 0.7989690721649485 0.0546218487394958 0.21649484536082475
4 0.058823529411764705 0.7989690721649485 0.05042016806722689 0.20618556701030927