4 0.8946280991735537 0.697324414715719 0.10330578512396695 0.05351170568561873
3 0.8946280991735537 0.637123745819398 0.09917355371900827 0.056856187290969896
0 0.8946280991735537 0.8177257525083612 0.09917355371900827 0.05351170568561873
0 0.8946280991735537 0.7558528428093646 0.09917355371900827 0.05351170568561873
0 0.9008264462809917 0.4214046822742475 0.09917355371900827 0.05351170568561873
3 0.8966942148760331 0.5217391304347826 0.09917355371900827 0.056856187290969896
0 0.9090909090909091 0.1806020066889632 0.09917355371900827 0.056856187290969896
6 0.9049586776859504 0.2976588628762542 0.10330578512396695 0.06020066889632107
3 0.8987603305785123 0.3595317725752508 0.09917355371900827 0.06020066889632107
5 0.9028925619834711 0.2408026755852843 0.09917355371900827 0.05351170568561873
7 0.9074380165289256 0.11066889632107024 0.10384297520661157 0.05351170568561873
4 0.8884297520661157 0.9327090301003345 0.1043801652892562 0.05886287625418061
5 0.8884297520661157 0.5819397993311036 0.08677685950413223 0.05351170568561873