6 0.36231884057971014 0.8260869565217391 0.057971014492753624 0.22826086956521738
6 0.2971014492753623 0.8260869565217391 0.057971014492753624 0.22826086956521738
4 0.03985507246376811 0.8152173913043478 0.05434782608695652 0.22826086956521738
4 0.9166666666666666 0.8478260869565217 0.05434782608695652 0.22826086956521738
0 0.17028985507246377 0.8152173913043478 0.057971014492753624 0.22826086956521738
0 0.23369565217391305 0.8206521739130435 0.057971014492753624 0.22826086956521738
0 0.5978260869565217 0.8260869565217391 0.05434782608695652 0.2391304347826087
0 0.6612318840579711 0.8315217391304348 0.05434782608695652 0.2391304347826087
3 0.42391304347826086 0.8315217391304348 0.057971014492753624 0.22826086956521738
0 0.7264492753623188 0.8315217391304348 0.057971014492753624 0.2391304347826087
8 0.4891304347826087 0.8260869565217391 0.05434782608695652 0.22826086956521738
7 0.7898550724637681 0.8369565217391305 0.057971014492753624 0.2391304347826087
8 0.8532608695652174 0.8369565217391305 0.057971014492753624 0.22826086956521738