8 0.057750759878419454 0.9232456140350878 0.0486322188449848 0.10964912280701754
0 0.6930091185410334 0.9078947368421053 0.0486322188449848 0.10964912280701754
0 0.41185410334346506 0.9144736842105263 0.0486322188449848 0.10964912280701754
4 0.7522796352583586 0.9100877192982456 0.0486322188449848 0.10964912280701754
0 0.1762917933130699 0.918859649122807 0.0486322188449848 0.10964912280701754
0 0.8130699088145896 0.9057017543859649 0.05167173252279635 0.10964912280701754
0 0.23404255319148937 0.918859649122807 0.0486322188449848 0.10964912280701754
3 0.2933130699088146 0.918859649122807 0.05167173252279635 0.11403508771929824
0 0.47112462006079026 0.9122807017543859 0.0486322188449848 0.10964912280701754
0 0.3525835866261398 0.9144736842105263 0.0486322188449848 0.10964912280701754
4 0.8723404255319149 0.9057017543859649 0.0486322188449848 0.11403508771929824
6 0.6337386018237082 0.9122807017543859 0.0486322188449848 0.10964912280701754
3 0.5729483282674772 0.9100877192982456 0.05167173252279635 0.11403508771929824