0 0.184375 0.8636363636363636 0.053125 0.16083916083916083
7 0.84375 0.8706293706293706 0.05 0.16083916083916083
0 0.6203125 0.8706293706293706 0.05 0.16083916083916083
0 0.3546875 0.8671328671328671 0.05 0.16083916083916083
6 0.296875 0.8671328671328671 0.053125 0.16083916083916083
5 0.73125 0.8706293706293706 0.05 0.16083916083916083
0 0.240625 0.8636363636363636 0.05 0.16083916083916083
6 0.4109375 0.8706293706293706 0.053125 0.16083916083916083
4 0.0640625 0.8671328671328671 0.05 0.16783216783216784
9 0.5609375 0.8741258741258742 0.053125 0.16083916083916083
1 0.7890625 0.8741258741258742 0.04375 0.15384615384615385
7 0.465625 0.8706293706293706 0.053125 0.16783216783216784
7 0.675 0.8706293706293706 0.053125 0.16783216783216784