8 0.7577519379844961 0.9171270718232044 0.05426356589147287 0.11049723756906077
8 0.4748062015503876 0.9171270718232044 0.05426356589147287 0.10497237569060773
8 0.3546511627906977 0.919889502762431 0.05426356589147287 0.11049723756906077
8 0.5775193798449613 0.9171270718232044 0.05426356589147287 0.10497237569060773
3 0.6976744186046512 0.914364640883978 0.05426356589147287 0.11049723756906077
5 0.29457364341085274 0.919889502762431 0.05426356589147287 0.11602209944751381
0 0.8178294573643411 0.9171270718232044 0.05426356589147287 0.11049723756906077
3 0.875968992248062 0.9171270718232044 0.05426356589147287 0.11049723756906077
0 0.23449612403100775 0.919889502762431 0.05426356589147287 0.11049723756906077
0 0.1744186046511628 0.919889502762431 0.05426356589147287 0.11049723756906077
0 0.41472868217054265 0.9171270718232044 0.05426356589147287 0.11049723756906077
1 0.6395348837209303 0.9171270718232044 0.046511627906976744 0.10497237569060773
4 0.04844961240310078 0.9226519337016574 0.05426356589147287 0.11049723756906077