0 0.5734597156398105 0.8626373626373627 0.04739336492890995 0.15384615384615385
4 0.6943127962085308 0.8571428571428571 0.04739336492890995 0.14285714285714285
2 0.471563981042654 0.8681318681318682 0.04739336492890995 0.15384615384615385
2 0.3412322274881517 0.8681318681318682 0.04739336492890995 0.15384615384615385
0 0.6350710900473934 0.8626373626373627 0.04739336492890995 0.14285714285714285
0 0.14928909952606634 0.8736263736263736 0.04739336492890995 0.15384615384615385
9 0.8246445497630331 0.8571428571428571 0.04739336492890995 0.14285714285714285
0 0.2109004739336493 0.8736263736263736 0.04739336492890995 0.15384615384615385
4 0.04976303317535545 0.8681318681318682 0.04739336492890995 0.14285714285714285
8 0.2772511848341232 0.8681318681318682 0.052132701421800945 0.14285714285714285
7 0.4075829383886256 0.8681318681318682 0.04265402843601896 0.15384615384615385
5 0.7606635071090048 0.8626373626373627 0.04739336492890995 0.14285714285714285
9 0.8908056872037915 0.8576923076923076 0.04815165876777251 0.1452747252747253