8 0.6956521739130435 0.9148936170212766 0.04830917874396135 0.11347517730496454
2 0.8743961352657005 0.9148936170212766 0.04830917874396135 0.12056737588652482
0 0.4758454106280193 0.9113475177304965 0.04830917874396135 0.12056737588652482
0 0.41545893719806765 0.9113475177304965 0.04830917874396135 0.11347517730496454
8 0.8140096618357487 0.9148936170212766 0.04830917874396135 0.11347517730496454
0 0.5772946859903382 0.9113475177304965 0.04830917874396135 0.12056737588652482
4 0.35507246376811596 0.9113475177304965 0.043478260869565216 0.11347517730496454
0 0.2971014492753623 0.9113475177304965 0.05314009661835749 0.12056737588652482
4 0.7536231884057971 0.9113475177304965 0.043478260869565216 0.10638297872340426
6 0.178743961352657 0.9148936170212766 0.04830917874396135 0.11347517730496454
7 0.05555555555555555 0.9148936170212766 0.05314009661835749 0.11347517730496454
6 0.6376811594202898 0.9148936170212766 0.04830917874396135 0.11347517730496454
1 0.2391304347826087 0.9113475177304965 0.043478260869565216 0.11347517730496454