0 0.753968253968254 0.8469750889679716 0.16666666666666666 0.05338078291814947
4 0.7341269841269841 0.9501779359430605 0.1746031746031746 0.05338078291814947
8 0.7658730158730159 0.7313167259786477 0.16666666666666666 0.046263345195729534
0 0.7579365079365079 0.7882562277580071 0.16666666666666666 0.05338078291814947
6 0.7817460317460317 0.6120996441281139 0.16666666666666666 0.05338078291814947
0 0.8015873015873016 0.4430604982206406 0.18253968253968253 0.05338078291814947
0 0.8134920634920635 0.3807829181494662 0.18253968253968253 0.05338078291814947
6 0.7738095238095238 0.6725978647686833 0.16666666666666666 0.05338078291814947
4 0.7896825396825397 0.5516014234875445 0.1746031746031746 0.05338078291814947
0 0.8373015873015873 0.2526690391459075 0.19047619047619047 0.05693950177935943
3 0.8492063492063492 0.11921708185053381 0.18253968253968253 0.05693950177935943
6 0.8452380952380952 0.18683274021352314 0.18253968253968253 0.05693950177935943
1 0.839047619047619 0.3159074733096085 0.17912698412698413 0.04967971530249111