0 0.37445887445887444 0.8203883495145631 0.06060606060606061 0.22330097087378642
0 0.2510822510822511 0.8252427184466019 0.06060606060606061 0.22330097087378642
9 0.8441558441558441 0.8106796116504854 0.06060606060606061 0.22330097087378642
0 0.19047619047619047 0.8252427184466019 0.05627705627705628 0.22330097087378642
2 0.9025974025974026 0.8106796116504854 0.06060606060606061 0.22330097087378642
1 0.5995670995670995 0.8155339805825242 0.05194805194805195 0.21359223300970873
4 0.7207792207792207 0.8155339805825242 0.05627705627705628 0.20388349514563106
9 0.49567099567099565 0.8203883495145631 0.06060606060606061 0.22330097087378642
5 0.31385281385281383 0.8252427184466019 0.06060606060606061 0.22330097087378642
4 0.7813852813852814 0.8106796116504854 0.05627705627705628 0.20388349514563106
4 0.06493506493506493 0.8300970873786407 0.06060606060606061 0.21359223300970873
6 0.6623376623376623 0.8203883495145631 0.06060606060606061 0.21359223300970873
6 0.43506493506493504 0.8203883495145631 0.06060606060606061 0.21359223300970873