8 0.6505376344086021 0.9017094017094017 0.05017921146953405 0.17094017094017094
3 0.503584229390681 0.8931623931623932 0.05017921146953405 0.17094017094017094
4 0.7060931899641577 0.9017094017094017 0.05017921146953405 0.1623931623931624
4 0.12365591397849462 0.8803418803418803 0.053763440860215055 0.1623931623931624
3 0.44623655913978494 0.8888888888888888 0.05017921146953405 0.17094017094017094
0 0.21505376344086022 0.8803418803418803 0.05017921146953405 0.17094017094017094
0 0.27419354838709675 0.8846153846153846 0.05017921146953405 0.17094017094017094
1 0.32974910394265233 0.8846153846153846 0.043010752688172046 0.15384615384615385
5 0.7652329749103942 0.905982905982906 0.05017921146953405 0.17094017094017094
1 0.8243727598566308 0.905982905982906 0.04659498207885305 0.17094017094017094
5 0.5931899641577061 0.8974358974358975 0.05017921146953405 0.17094017094017094
1 0.3870967741935484 0.8846153846153846 0.043010752688172046 0.1623931623931624
7 0.8817204301075269 0.905982905982906 0.053763440860215055 0.1794871794871795