8 0.724233983286908 0.8925438596491229 0.04735376044568245 0.10964912280701754
2 0.4052924791086351 0.8925438596491229 0.04735376044568245 0.10964912280701754
5 0.6155988857938719 0.8925438596491229 0.04456824512534819 0.10964912280701754
0 0.18662952646239556 0.8947368421052632 0.05013927576601671 0.10964912280701754
0 0.24233983286908078 0.8947368421052632 0.05013927576601671 0.10964912280701754
4 0.06824512534818941 0.8969298245614035 0.05013927576601671 0.11403508771929824
0 0.5626740947075209 0.8903508771929824 0.04735376044568245 0.10526315789473684
4 0.298050139275766 0.8947368421052632 0.04735376044568245 0.10964912280701754
5 0.7743732590529248 0.8925438596491229 0.04735376044568245 0.10964912280701754
7 0.8314763231197771 0.8925438596491229 0.05013927576601671 0.10964912280701754
0 0.35097493036211697 0.8925438596491229 0.05013927576601671 0.10964912280701754
5 0.4596100278551532 0.8925438596491229 0.04735376044568245 0.10964912280701754
6 0.66991643454039 0.8925438596491229 0.04735376044568245 0.10526315789473684