8 0.035830618892508145 0.9098837209302325 0.05211726384364821 0.13372093023255813
5 0.8224755700325733 0.9186046511627907 0.04560260586319218 0.13372093023255813
8 0.5960912052117264 0.9186046511627907 0.048859934853420196 0.13953488372093023
5 0.7100977198697068 0.9186046511627907 0.048859934853420196 0.13372093023255813
3 0.3811074918566775 0.9098837209302325 0.048859934853420196 0.13372093023255813
5 0.7654723127035831 0.9186046511627907 0.048859934853420196 0.13372093023255813
0 0.32247557003257327 0.9069767441860465 0.05211726384364821 0.13372093023255813
3 0.5374592833876222 0.9156976744186046 0.05211726384364821 0.13372093023255813
0 0.20684039087947884 0.9040697674418605 0.04560260586319218 0.13372093023255813
3 0.6530944625407166 0.9186046511627907 0.048859934853420196 0.13372093023255813
0 0.4381107491856677 0.9098837209302325 0.05211726384364821 0.13372093023255813
0 0.1498371335504886 0.9040697674418605 0.04560260586319218 0.13372093023255813
4 0.26221498371335505 0.9098837209302325 0.048859934853420196 0.13372093023255813