8 0.4452247191011236 0.9268774703557312 0.0449438202247191 0.10276679841897234
0 0.13342696629213482 0.9209486166007905 0.047752808988764044 0.10276679841897234
2 0.5421348314606742 0.9268774703557312 0.047752808988764044 0.10276679841897234
4 0.6671348314606742 0.9288537549407114 0.05056179775280899 0.09881422924901186
0 0.19662921348314608 0.9229249011857708 0.047752808988764044 0.09881422924901186
0 0.6053370786516854 0.9268774703557312 0.05056179775280899 0.10276679841897234
0 0.38342696629213485 0.9229249011857708 0.047752808988764044 0.09881422924901186
0 0.7303370786516854 0.9308300395256917 0.047752808988764044 0.10276679841897234
4 0.7921348314606742 0.932806324110672 0.047752808988764044 0.10276679841897234
1 0.2556179775280899 0.9229249011857708 0.042134831460674156 0.09881422924901186
9 0.8539325842696629 0.9347826086956522 0.047752808988764044 0.1067193675889328
6 0.32303370786516855 0.9229249011857708 0.047752808988764044 0.10276679841897234
4 0.05758426966292135 0.924901185770751 0.05337078651685393 0.09881422924901186