4 0.8789808917197452 0.6590909090909091 0.11464968152866242 0.05371900826446281
0 0.8885350318471338 0.4359504132231405 0.12101910828025478 0.05371900826446281
0 0.8694267515923567 0.8326446280991735 0.11464968152866242 0.049586776859504134
0 0.8885350318471338 0.3760330578512397 0.12101910828025478 0.05371900826446281
0 0.8821656050955414 0.5392561983471075 0.12101910828025478 0.05371900826446281
0 0.8789808917197452 0.5991735537190083 0.12101910828025478 0.05371900826446281
0 0.8726114649681529 0.7747933884297521 0.12101910828025478 0.05371900826446281
0 0.8726114649681529 0.7169421487603306 0.12101910828025478 0.049586776859504134
1 0.89171974522293 0.3140495867768595 0.12101910828025478 0.045454545454545456
4 0.8991082802547771 0.19421487603305784 0.12535031847133757 0.05371900826446281
8 0.8919108280254777 0.256198347107438 0.1213375796178344 0.05371900826446281
9 0.8980891719745223 0.128099173553719 0.12101910828025478 0.05371900826446281
4 0.8662420382165605 0.9483471074380165 0.12101910828025478 0.05371900826446281