8 0.6851145038167938 0.9043715846994536 0.04580152671755725 0.09836065573770492
8 0.6278625954198473 0.907103825136612 0.04580152671755725 0.09836065573770492
2 0.7938931297709924 0.8961748633879781 0.04198473282442748 0.10382513661202186
0 0.18702290076335878 0.9043715846994536 0.04580152671755725 0.10382513661202186
6 0.41603053435114506 0.9098360655737705 0.04961832061068702 0.10382513661202186
0 0.24427480916030533 0.907103825136612 0.04580152671755725 0.10382513661202186
0 0.3568702290076336 0.907103825136612 0.04580152671755725 0.10382513661202186
0 0.5706106870229007 0.907103825136612 0.04580152671755725 0.10382513661202186
4 0.07251908396946564 0.9043715846994536 0.04580152671755725 0.10382513661202186
6 0.3015267175572519 0.9098360655737705 0.04961832061068702 0.10382513661202186
6 0.8473282442748091 0.8852459016393442 0.04580152671755725 0.09836065573770492
9 0.7423664122137404 0.9016393442622951 0.04580152671755725 0.09836065573770492
7 0.4732824427480916 0.9098360655737705 0.04580152671755725 0.10382513661202186