2 0.8773234200743495 0.905940594059406 0.05204460966542751 0.09900990099009901
2 0.6951672862453532 0.9084158415841584 0.05204460966542751 0.09900990099009901
2 0.07434944237918216 0.9133663366336634 0.048327137546468404 0.09900990099009901
0 0.17286245353159851 0.9108910891089109 0.048327137546468404 0.09405940594059406
0 0.2342007434944238 0.9084158415841584 0.05204460966542751 0.09405940594059406
3 0.758364312267658 0.905940594059406 0.048327137546468404 0.09900990099009901
0 0.35315985130111527 0.9084158415841584 0.048327137546468404 0.09405940594059406
0 0.41263940520446096 0.9084158415841584 0.05204460966542751 0.09405940594059406
7 0.2936802973977695 0.9084158415841584 0.048327137546468404 0.09900990099009901
1 0.4739776951672863 0.9084158415841584 0.040892193308550186 0.09405940594059406
1 0.8215613382899628 0.9084158415841584 0.04460966542750929 0.09405940594059406
7 0.6356877323420075 0.905940594059406 0.05204460966542751 0.09900990099009901
5 0.5762081784386617 0.9084158415841584 0.05204460966542751 0.09405940594059406