6 0.16494845360824742 0.5870445344129555 0.15463917525773196 0.044534412955465584
0 0.15463917525773196 0.1862348178137652 0.16494845360824742 0.044534412955465584
0 0.15979381443298968 0.24898785425101214 0.16494845360824742 0.044534412955465584
9 0.17010309278350516 0.7004048582995951 0.16494845360824742 0.04048582995951417
3 0.16494845360824742 0.4331983805668016 0.15463917525773196 0.044534412955465584
3 0.17010309278350516 0.7530364372469636 0.16494845360824742 0.048582995951417005
3 0.16494845360824742 0.4959514170040486 0.15463917525773196 0.044534412955465584
4 0.14432989690721648 0.08299595141700405 0.16494845360824742 0.05263157894736842
8 0.1711340206185567 0.8627125506072875 0.15896907216494846 0.033724696356275306
1 0.16855670103092785 0.8078947368421053 0.1583505154639175 0.030526315789473683
2 0.1711340206185567 0.6440080971659918 0.15896907216494846 0.03995951417004048
1 0.16309278350515463 0.3726315789473684 0.15206185567010308 0.029554655870445343
1 0.16051546391752577 0.31113360323886635 0.15144329896907216 0.023846153846153843