3 0.2939914163090129 0.8722222222222222 0.060085836909871244 0.2111111111111111
0 0.4184549356223176 0.8666666666666667 0.060085836909871244 0.2111111111111111
0 0.16952789699570817 0.8722222222222222 0.060085836909871244 0.2111111111111111
4 0.9012875536480687 0.8611111111111112 0.055793991416309016 0.2111111111111111
3 0.3562231759656652 0.8666666666666667 0.055793991416309016 0.2111111111111111
3 0.5879828326180258 0.8666666666666667 0.060085836909871244 0.2222222222222222
7 0.48068669527896996 0.8666666666666667 0.060085836909871244 0.2222222222222222
6 0.776824034334764 0.8666666666666667 0.055793991416309016 0.2111111111111111
3 0.8369098712446352 0.8611111111111112 0.055793991416309016 0.2222222222222222
4 0.06437768240343347 0.8777777777777778 0.060085836909871244 0.2111111111111111
1 0.6545064377682404 0.8666666666666667 0.04721030042918455 0.2
1 0.23390557939914164 0.8777777777777778 0.04721030042918455 0.2
9 0.7124463519313304 0.8666666666666667 0.055793991416309016 0.2