4 0.06060606060606061 0.8949579831932774 0.05627705627705628 0.15966386554621848
2 0.3116883116883117 0.8865546218487395 0.05194805194805195 0.16806722689075632
8 0.8398268398268398 0.8739495798319328 0.05627705627705628 0.15966386554621848
9 0.9004329004329005 0.8739495798319328 0.05194805194805195 0.15966386554621848
4 0.7770562770562771 0.8739495798319328 0.05194805194805195 0.15966386554621848
0 0.19047619047619047 0.8865546218487395 0.05194805194805195 0.15966386554621848
0 0.5995670995670995 0.8781512605042017 0.05627705627705628 0.15966386554621848
5 0.7186147186147186 0.8739495798319328 0.05194805194805195 0.15966386554621848
0 0.2510822510822511 0.8865546218487395 0.05627705627705628 0.15966386554621848
5 0.37445887445887444 0.8865546218487395 0.05194805194805195 0.16806722689075632
5 0.4935064935064935 0.8823529411764706 0.05194805194805195 0.16806722689075632
7 0.6601731601731602 0.8739495798319328 0.05627705627705628 0.15966386554621848
7 0.4329004329004329 0.8823529411764706 0.05627705627705628 0.16806722689075632