2 0.8835616438356164 0.6835748792270532 0.10273972602739725 0.050724637681159424
1 0.8784246575342466 0.7946859903381642 0.0958904109589041 0.04106280193236715
4 0.8732876712328768 0.9420289855072463 0.09931506849315068 0.04830917874396135
0 0.8784246575342466 0.7403381642512077 0.09931506849315068 0.04830917874396135
0 0.875 0.8514492753623188 0.09931506849315068 0.04589371980676329
1 0.910958904109589 0.15458937198067632 0.10616438356164383 0.043478260869565216
0 0.8921232876712328 0.46618357487922707 0.10273972602739725 0.050724637681159424
4 0.8852739726027398 0.6256038647342995 0.10273972602739725 0.05314009661835749
1 0.8938356164383562 0.40458937198067635 0.09931506849315068 0.043478260869565216
3 0.886986301369863 0.5676328502415459 0.10273972602739725 0.04830917874396135
3 0.9023972602739726 0.28140096618357485 0.10616438356164383 0.05314009661835749
6 0.898972602739726 0.34541062801932365 0.10273972602739725 0.05555555555555555
5 0.9058219178082192 0.21739130434782608 0.10616438356164383 0.05314009661835749