8 0.6940559440559441 0.8584905660377359 0.038461538461538464 0.18867924528301888
4 0.05944055944055944 0.8584905660377359 0.04195804195804196 0.1792452830188679
0 0.1590909090909091 0.8584905660377359 0.04195804195804196 0.18867924528301888
1 0.28146853146853146 0.8537735849056604 0.038461538461538464 0.18867924528301888
0 0.22202797202797203 0.8584905660377359 0.04195804195804196 0.19811320754716982
1 0.8793706293706294 0.8537735849056604 0.038461538461538464 0.18867924528301888
2 0.6311188811188811 0.8537735849056604 0.038461538461538464 0.18867924528301888
1 0.3479020979020979 0.8537735849056604 0.03496503496503497 0.18867924528301888
3 0.47027972027972026 0.8584905660377359 0.038461538461538464 0.19811320754716982
3 0.5699300699300699 0.8584905660377359 0.04195804195804196 0.19811320754716982
6 0.8181818181818182 0.8584905660377359 0.04195804195804196 0.19811320754716982
6 0.756993006993007 0.8584905660377359 0.04195804195804196 0.18867924528301888
3 0.4090909090909091 0.8584905660377359 0.038461538461538464 0.19811320754716982