2 0.6372950819672131 0.8891891891891892 0.05327868852459016 0.0972972972972973
3 0.35450819672131145 0.8891891891891892 0.05327868852459016 0.0972972972972973
4 0.2930327868852459 0.8891891891891892 0.04918032786885246 0.0972972972972973
4 0.06762295081967214 0.8891891891891892 0.04918032786885246 0.0972972972972973
3 0.4774590163934426 0.8891891891891892 0.05327868852459016 0.0972972972972973
0 0.22950819672131148 0.8891891891891892 0.04918032786885246 0.0972972972972973
0 0.1680327868852459 0.8891891891891892 0.04918032786885246 0.0972972972972973
0 0.819672131147541 0.8891891891891892 0.04918032786885246 0.0972972972972973
5 0.41598360655737704 0.8891891891891892 0.05327868852459016 0.0972972972972973
0 0.5758196721311475 0.8864864864864865 0.04918032786885246 0.0972972972972973
1 0.8790983606557377 0.8891891891891892 0.045081967213114756 0.0918918918918919
7 0.6967213114754098 0.8864864864864865 0.04918032786885246 0.0972972972972973
9 0.7581967213114754 0.8891891891891892 0.05327868852459016 0.0972972972972973