5 0.5771812080536913 0.8444444444444444 0.053691275167785234 0.17777777777777778
5 0.7046979865771812 0.8407407407407408 0.05704697986577181 0.17777777777777778
0 0.2197986577181208 0.8481481481481481 0.05704697986577181 0.17777777777777778
0 0.2835570469798658 0.8481481481481481 0.05704697986577181 0.17777777777777778
1 0.35067114093959734 0.8481481481481481 0.053691275167785234 0.17777777777777778
0 0.15604026845637584 0.8518518518518519 0.05704697986577181 0.17777777777777778
4 0.6426174496644296 0.8407407407407408 0.05704697986577181 0.17777777777777778
1 0.837248322147651 0.8444444444444444 0.050335570469798654 0.17037037037037037
0 0.7701342281879194 0.8407407407407408 0.06040268456375839 0.17777777777777778
9 0.4748322147651007 0.8444444444444444 0.05704697986577181 0.17777777777777778
5 0.40939597315436244 0.8481481481481481 0.053691275167785234 0.17777777777777778
4 0.031879194630872486 0.8555555555555555 0.05704697986577181 0.18518518518518517
4 0.8993288590604027 0.8444444444444444 0.05704697986577181 0.17037037037037037