8 0.7049469964664311 0.18627450980392157 0.053003533568904596 0.23529411764705882
2 0.10070671378091872 0.19117647058823528 0.053003533568904596 0.23529411764705882
9 0.3462897526501767 0.19117647058823528 0.053003533568904596 0.23529411764705882
0 0.4081272084805654 0.19117647058823528 0.053003533568904596 0.23529411764705882
0 0.5777385159010601 0.18627450980392157 0.053003533568904596 0.24509803921568626
0 0.5141342756183745 0.19117647058823528 0.053003533568904596 0.23529411764705882
0 0.7685512367491166 0.18627450980392157 0.05653710247349823 0.24509803921568626
0 0.833922261484099 0.18627450980392157 0.05653710247349823 0.24509803921568626
5 0.2226148409893993 0.19117647058823528 0.05653710247349823 0.22549019607843138
4 0.9664310954063604 0.18137254901960784 0.06007067137809187 0.24509803921568626
6 0.6413427561837456 0.18627450980392157 0.053003533568904596 0.23529411764705882
3 0.1607773851590106 0.19607843137254902 0.05653710247349823 0.23529411764705882
7 0.284452296819788 0.19117647058823528 0.053003533568904596 0.23529411764705882