5 0.8504672897196262 0.8364485981308412 0.04205607476635514 0.14953271028037382
0 0.24065420560747663 0.8644859813084113 0.0514018691588785 0.14953271028037382
0 0.1822429906542056 0.8551401869158879 0.0514018691588785 0.14953271028037382
0 0.4158878504672897 0.8691588785046729 0.0514018691588785 0.14953271028037382
0 0.7990654205607477 0.8411214953271028 0.04672897196261682 0.14953271028037382
0 0.29906542056074764 0.8644859813084113 0.0514018691588785 0.14953271028037382
1 0.5794392523364486 0.8691588785046729 0.04205607476635514 0.14018691588785046
1 0.6939252336448598 0.8551401869158879 0.04205607476635514 0.14018691588785046
4 0.07009345794392523 0.8364485981308412 0.04205607476635514 0.14018691588785046
5 0.3574766355140187 0.8691588785046729 0.04672897196261682 0.14953271028037382
3 0.47897196261682246 0.8691588785046729 0.0514018691588785 0.14953271028037382
4 0.633177570093458 0.8691588785046729 0.04672897196261682 0.14953271028037382
3 0.7453271028037384 0.8504672897196262 0.04672897196261682 0.14953271028037382