2 0.6308823529411764 0.8152173913043478 0.052941176470588235 0.2246376811594203
5 0.6867647058823529 0.8152173913043478 0.05 0.2246376811594203
5 0.7441176470588236 0.8188405797101449 0.052941176470588235 0.2246376811594203
5 0.35294117647058826 0.8115942028985508 0.052941176470588235 0.2246376811594203
4 0.05 0.8043478260869565 0.05588235294117647 0.2246376811594203
1 0.5735294117647058 0.8152173913043478 0.047058823529411764 0.21739130434782608
5 0.46911764705882353 0.8079710144927537 0.05 0.2318840579710145
4 0.4147058823529412 0.8079710144927537 0.052941176470588235 0.2246376811594203
0 0.17794117647058824 0.8079710144927537 0.05588235294117647 0.2318840579710145
9 0.8058823529411765 0.8115942028985508 0.05588235294117647 0.2246376811594203
4 0.8661764705882353 0.8152173913043478 0.058823529411764705 0.21739130434782608
0 0.23970588235294119 0.8115942028985508 0.05588235294117647 0.2318840579710145
6 0.2985294117647059 0.8115942028985508 0.05588235294117647 0.2391304347826087