0 0.17346938775510204 0.9340425531914893 0.04956268221574344 0.10638297872340426
1 0.7886297376093294 0.9319148936170213 0.04664723032069971 0.10212765957446808
0 0.23177842565597667 0.9340425531914893 0.04956268221574344 0.10212765957446808
4 0.061224489795918366 0.9404255319148936 0.04664723032069971 0.10638297872340426
1 0.40524781341107874 0.9297872340425531 0.043731778425655975 0.10212765957446808
6 0.7259475218658892 0.9319148936170213 0.04956268221574344 0.10638297872340426
0 0.6107871720116618 0.9276595744680851 0.04956268221574344 0.10638297872340426
0 0.5553935860058309 0.9276595744680851 0.04664723032069971 0.10638297872340426
9 0.4577259475218659 0.9276595744680851 0.04956268221574344 0.10638297872340426
4 0.3454810495626822 0.9297872340425531 0.04664723032069971 0.10638297872340426
1 0.8425655976676385 0.9340425531914893 0.037900874635568516 0.10212765957446808
1 0.2915451895043732 0.9340425531914893 0.04081632653061224 0.10212765957446808
9 0.6690962099125365 0.9297872340425531 0.04956268221574344 0.10638297872340426