3 0.472 0.8805031446540881 0.064 0.13836477987421383
3 0.352 0.8773584905660378 0.064 0.13836477987421383
4 0.056 0.8805031446540881 0.056 0.13836477987421383
6 0.894 0.8867924528301887 0.056 0.1320754716981132
6 0.596 0.8836477987421384 0.056 0.13836477987421383
5 0.41 0.8773584905660378 0.056 0.13836477987421383
6 0.714 0.8836477987421384 0.056 0.1320754716981132
4 0.29 0.8805031446540881 0.056 0.13836477987421383
0 0.654 0.8805031446540881 0.06 0.13836477987421383
0 0.166 0.8773584905660378 0.06 0.13836477987421383
0 0.23 0.8773584905660378 0.06 0.13836477987421383
7 0.774 0.8836477987421384 0.056 0.13836477987421383
8 0.834 0.8867924528301887 0.056 0.1320754716981132