3 0.6442622950819672 0.15384615384615385 0.05573770491803279 0.09829059829059829
3 0.5229508196721312 0.15598290598290598 0.05573770491803279 0.09829059829059829
5 0.5836065573770491 0.15384615384615385 0.05573770491803279 0.09401709401709402
6 0.30491803278688523 0.1581196581196581 0.05573770491803279 0.09829059829059829
4 0.7049180327868853 0.15384615384615385 0.05245901639344262 0.09829059829059829
0 0.4262295081967213 0.15598290598290598 0.05245901639344262 0.09829059829059829
3 0.3655737704918033 0.1581196581196581 0.05573770491803279 0.09829059829059829
0 0.7639344262295082 0.15384615384615385 0.05245901639344262 0.09829059829059829
0 0.1819672131147541 0.15598290598290598 0.05573770491803279 0.09829059829059829
4 0.24262295081967214 0.15598290598290598 0.05573770491803279 0.09829059829059829
8 0.1180327868852459 0.1581196581196581 0.05573770491803279 0.09829059829059829
4 0.9236065573770491 0.15217948717948718 0.055114754098360655 0.09243589743589743
0 0.8256065573770491 0.1485897435897436 0.057868852459016386 0.0996153846153846