8 0.3961038961038961 0.8433333333333334 0.047619047619047616 0.10666666666666667
9 0.8701298701298701 0.86 0.047619047619047616 0.10666666666666667
0 0.20995670995670995 0.84 0.047619047619047616 0.10666666666666667
1 0.4588744588744589 0.8466666666666667 0.04329004329004329 0.10666666666666667
5 0.2727272727272727 0.8433333333333334 0.047619047619047616 0.10666666666666667
1 0.7467532467532467 0.8533333333333334 0.05194805194805195 0.10666666666666667
0 0.14935064935064934 0.8366666666666667 0.047619047619047616 0.1
5 0.6818181818181818 0.8533333333333334 0.047619047619047616 0.10666666666666667
1 0.5584415584415584 0.85 0.047619047619047616 0.10666666666666667
9 0.8051948051948052 0.8566666666666667 0.05194805194805195 0.10666666666666667
4 0.6190476190476191 0.8533333333333334 0.047619047619047616 0.10666666666666667
7 0.3354978354978355 0.8433333333333334 0.047619047619047616 0.10666666666666667
4 0.0735930735930736 0.8366666666666667 0.047619047619047616 0.10666666666666667