3 0.6343873517786561 0.0975609756097561 0.06324110671936758 0.1402439024390244
5 0.45849802371541504 0.0975609756097561 0.05533596837944664 0.13414634146341464
8 0.26877470355731226 0.10060975609756098 0.05533596837944664 0.13414634146341464
5 0.8873517786561265 0.0975609756097561 0.05533596837944664 0.1402439024390244
0 0.6996047430830039 0.0975609756097561 0.05928853754940711 0.1402439024390244
9 0.33201581027667987 0.10060975609756098 0.05533596837944664 0.13414634146341464
7 0.5691699604743083 0.0975609756097561 0.05928853754940711 0.1402439024390244
0 0.1482213438735178 0.10060975609756098 0.05138339920948617 0.1402439024390244
4 0.037549407114624504 0.10670731707317073 0.04743083003952569 0.13414634146341464
1 0.7687747035573123 0.0975609756097561 0.04743083003952569 0.13414634146341464
8 0.8280632411067194 0.10060975609756098 0.05533596837944664 0.1402439024390244
0 0.2075098814229249 0.10060975609756098 0.05138339920948617 0.1402439024390244
6 0.3952569169960474 0.0975609756097561 0.05533596837944664 0.13414634146341464