2 0.4229390681003584 0.8602941176470589 0.053763440860215055 0.18382352941176472
9 0.48028673835125446 0.8639705882352942 0.053763440860215055 0.17647058823529413
9 0.7724014336917563 0.8566176470588235 0.05734767025089606 0.18382352941176472
0 0.6487455197132617 0.8566176470588235 0.053763440860215055 0.18382352941176472
0 0.8960573476702509 0.8529411764705882 0.053763440860215055 0.18382352941176472
0 0.24014336917562723 0.8639705882352942 0.053763440860215055 0.17647058823529413
0 0.7096774193548387 0.8566176470588235 0.05734767025089606 0.18382352941176472
0 0.5878136200716846 0.8566176470588235 0.053763440860215055 0.17647058823529413
4 0.36200716845878134 0.8566176470588235 0.053763440860215055 0.18382352941176472
0 0.17921146953405018 0.8639705882352942 0.053763440860215055 0.17647058823529413
4 0.05734767025089606 0.8602941176470589 0.053763440860215055 0.19852941176470587
8 0.8333333333333334 0.8602941176470589 0.053763440860215055 0.16911764705882354
8 0.3010752688172043 0.8602941176470589 0.053763440860215055 0.18382352941176472