8 0.7311475409836066 0.7784810126582279 0.04918032786885246 0.08860759493670886
8 0.8540983606557377 0.7510548523206751 0.05245901639344262 0.09282700421940929
2 0.9147540983606557 0.7426160337552743 0.04918032786885246 0.0970464135021097
0 0.4377049180327869 0.8396624472573839 0.05245901639344262 0.09282700421940929
6 0.19508196721311474 0.8987341772151899 0.05245901639344262 0.10126582278481013
0 0.6065573770491803 0.8037974683544303 0.04918032786885246 0.09282700421940929
0 0.31475409836065577 0.869198312236287 0.05245901639344262 0.0970464135021097
6 0.6704918032786885 0.7932489451476793 0.04918032786885246 0.09282700421940929
0 0.5 0.8270042194092827 0.05245901639344262 0.09282700421940929
4 0.7934426229508197 0.7658227848101266 0.04918032786885246 0.08860759493670886
4 0.37868852459016394 0.8565400843881856 0.04918032786885246 0.09282700421940929
7 0.06557377049180328 0.930379746835443 0.05245901639344262 0.10548523206751055
1 0.2573770491803279 0.8818565400843882 0.04590163934426229 0.0970464135021097