2 0.7944915254237288 0.8169642857142857 0.046610169491525424 0.15178571428571427
2 0.6483050847457628 0.8258928571428571 0.0423728813559322 0.15178571428571427
3 0.3516949152542373 0.8482142857142857 0.0423728813559322 0.15178571428571427
4 0.05296610169491525 0.875 0.05084745762711865 0.15178571428571427
3 0.8453389830508474 0.8125 0.046610169491525424 0.15178571428571427
0 0.2033898305084746 0.8616071428571429 0.046610169491525424 0.15178571428571427
0 0.2542372881355932 0.8571428571428571 0.0423728813559322 0.15178571428571427
4 0.6949152542372882 0.8258928571428571 0.046610169491525424 0.14285714285714285
5 0.451271186440678 0.8392857142857143 0.046610169491525424 0.15178571428571427
3 0.597457627118644 0.8303571428571429 0.046610169491525424 0.15178571428571427
1 0.7436440677966102 0.8214285714285714 0.0423728813559322 0.14285714285714285
6 0.3029661016949153 0.8526785714285714 0.046610169491525424 0.15178571428571427
9 0.4004237288135593 0.84375 0.046610169491525424 0.14285714285714285