2 0.590443686006826 0.7821782178217822 0.05460750853242321 0.2376237623762376
2 0.6518771331058021 0.7821782178217822 0.051194539249146756 0.22772277227722773
2 0.8976109215017065 0.7772277227722773 0.051194539249146756 0.22772277227722773
5 0.30204778156996587 0.7871287128712872 0.051194539249146756 0.2376237623762376
0 0.48464163822525597 0.7772277227722773 0.051194539249146756 0.22772277227722773
8 0.36177474402730375 0.7871287128712872 0.051194539249146756 0.22772277227722773
0 0.773037542662116 0.7722772277227723 0.05460750853242321 0.22772277227722773
0 0.4232081911262799 0.7772277227722773 0.051194539249146756 0.22772277227722773
0 0.17747440273037543 0.7821782178217822 0.051194539249146756 0.22772277227722773
5 0.71160409556314 0.7772277227722773 0.051194539249146756 0.22772277227722773
0 0.24061433447098976 0.7821782178217822 0.05460750853242321 0.22772277227722773
6 0.8361774744027304 0.7722772277227723 0.05460750853242321 0.22772277227722773
4 0.052901023890784986 0.7920792079207921 0.04778156996587031 0.22772277227722773