4 0.9394007490636704 0.08421686746987952 0.04722846441947565 0.11849397590361446
0 0.8276029962546816 0.08963855421686748 0.04872659176029962 0.12066265060240965
0 0.7675655430711611 0.08668674698795181 0.04400749063670412 0.10415662650602409
7 0.7129213483146067 0.08403614457831325 0.04790262172284644 0.10945783132530122
7 0.6573033707865169 0.08469879518072289 0.04539325842696629 0.10367469879518072
6 0.5952808988764045 0.08740963855421686 0.0500749063670412 0.11620481927710843
4 0.5396629213483146 0.08873493975903615 0.047565543071161044 0.10457831325301205
6 0.4446441947565543 0.08469879518072289 0.04617977528089888 0.10367469879518072
9 0.38722846441947567 0.08 0.04449438202247191 0.10861445783132531
1 0.3300749063670412 0.07759036144578314 0.03674157303370787 0.11795180722891566
4 0.27445692883895134 0.07801204819277108 0.04531835205992509 0.10813253012048192
6 0.21801498127340824 0.0766867469879518 0.0500374531835206 0.10186746987951807
4 0.1598876404494382 0.07554216867469879 0.04696629213483146 0.09963855421686746