6 0.6306306306306306 0.9222972972972973 0.04954954954954955 0.11486486486486487
0 0.5698198198198198 0.918918918918919 0.04954954954954955 0.11486486486486487
0 0.46846846846846846 0.918918918918919 0.04954954954954955 0.11486486486486487
0 0.40540540540540543 0.918918918918919 0.04954954954954955 0.11486486486486487
8 0.6891891891891891 0.9222972972972973 0.04954954954954955 0.11486486486486487
0 0.2882882882882883 0.9155405405405406 0.04954954954954955 0.11486486486486487
6 0.17117117117117117 0.9155405405405406 0.05405405405405406 0.11486486486486487
8 0.8108108108108109 0.9256756756756757 0.05405405405405406 0.11486486486486487
2 0.8716216216216216 0.9256756756756757 0.04954954954954955 0.12162162162162163
7 0.04954954954954955 0.9121621621621622 0.05405405405405406 0.12162162162162163
1 0.23198198198198197 0.9155405405405406 0.04054054054054054 0.11486486486486487
4 0.75 0.9222972972972973 0.04504504504504504 0.11486486486486487
4 0.34684684684684686 0.9155405405405406 0.04504504504504504 0.11486486486486487