1 0.47398843930635837 0.813953488372093 0.046242774566473986 0.18604651162790697
0 0.17052023121387283 0.813953488372093 0.05202312138728324 0.19767441860465115
0 0.23410404624277456 0.813953488372093 0.057803468208092484 0.19767441860465115
0 0.7601156069364162 0.8197674418604651 0.05202312138728324 0.18604651162790697
1 0.41329479768786126 0.8197674418604651 0.046242774566473986 0.18604651162790697
7 0.6994219653179191 0.8197674418604651 0.05202312138728324 0.1744186046511628
4 0.08092485549132948 0.813953488372093 0.046242774566473986 0.16279069767441862
7 0.5780346820809249 0.8197674418604651 0.046242774566473986 0.1744186046511628
6 0.8208092485549133 0.8313953488372093 0.05202312138728324 0.18604651162790697
1 0.35260115606936415 0.8081395348837209 0.046242774566473986 0.18604651162790697
5 0.638728323699422 0.8255813953488372 0.05202312138728324 0.19767441860465115
7 0.29190751445086704 0.8081395348837209 0.05202312138728324 0.19767441860465115
5 0.8815028901734104 0.8197674418604651 0.05202312138728324 0.19767441860465115