2 0.7105263157894737 0.8664122137404581 0.05263157894736842 0.12213740458015267
0 0.1722488038277512 0.8893129770992366 0.05263157894736842 0.1297709923664122
8 0.48325358851674644 0.8778625954198473 0.05263157894736842 0.1297709923664122
0 0.5885167464114832 0.8702290076335878 0.05263157894736842 0.12213740458015267
0 0.6507177033492823 0.8664122137404581 0.05263157894736842 0.12213740458015267
4 0.045454545454545456 0.8931297709923665 0.05263157894736842 0.1297709923664122
4 0.8325358851674641 0.8625954198473282 0.05263157894736842 0.12213740458015267
0 0.23684210526315788 0.8854961832061069 0.05263157894736842 0.1297709923664122
4 0.36363636363636365 0.8816793893129771 0.05263157894736842 0.1297709923664122
5 0.8923444976076556 0.8549618320610687 0.04784688995215311 0.12213740458015267
1 0.3014354066985646 0.8854961832061069 0.04784688995215311 0.12213740458015267
7 0.423444976076555 0.8778625954198473 0.05263157894736842 0.1297709923664122
7 0.7727272727272727 0.8625954198473282 0.05263157894736842 0.12213740458015267