0 0.392018779342723 0.8043478260869565 0.051643192488262914 0.17391304347826086
0 0.215962441314554 0.8043478260869565 0.046948356807511735 0.17391304347826086
2 0.5563380281690141 0.8097826086956522 0.056338028169014086 0.18478260869565216
0 0.45305164319248825 0.8043478260869565 0.046948356807511735 0.18478260869565216
5 0.2746478873239437 0.8097826086956522 0.051643192488262914 0.18478260869565216
0 0.8028169014084507 0.8152173913043478 0.051643192488262914 0.18478260869565216
0 0.1572769953051643 0.8043478260869565 0.046948356807511735 0.17391304347826086
5 0.33098591549295775 0.8043478260869565 0.046948356807511735 0.17391304347826086
1 0.7464788732394366 0.8152173913043478 0.046948356807511735 0.18478260869565216
1 0.6220657276995305 0.8097826086956522 0.046948356807511735 0.17391304347826086
9 0.6807511737089202 0.8097826086956522 0.051643192488262914 0.18478260869565216
4 0.046948356807511735 0.8152173913043478 0.04225352112676056 0.17391304347826086
1 0.863849765258216 0.8206521739130435 0.04225352112676056 0.17391304347826086