8 0.27800829875518673 0.904891304347826 0.04564315352697095 0.09782608695652174
0 0.22199170124481327 0.8994565217391305 0.04979253112033195 0.09782608695652174
6 0.5560165975103735 0.9184782608695652 0.04979253112033195 0.09782608695652174
0 0.7323651452282157 0.9157608695652174 0.04979253112033195 0.09782608695652174
1 0.6763485477178424 0.9184782608695652 0.04564315352697095 0.09782608695652174
7 0.45435684647302904 0.9157608695652174 0.05394190871369295 0.09782608695652174
0 0.16597510373443983 0.8940217391304348 0.04564315352697095 0.09782608695652174
6 0.6161825726141079 0.9211956521739131 0.04979253112033195 0.10326086956521739
0 0.7904564315352697 0.9103260869565217 0.04979253112033195 0.09782608695652174
4 0.058091286307053944 0.8804347826086957 0.04149377593360996 0.09239130434782608
1 0.3983402489626556 0.9157608695652174 0.04564315352697095 0.09782608695652174
9 0.8464730290456431 0.907608695652174 0.04979253112033195 0.09782608695652174
6 0.3381742738589212 0.9130434782608695 0.04979253112033195 0.09782608695652174