2 0.8672839506172839 0.46975806451612906 0.12345679012345678 0.056451612903225805
2 0.904320987654321 0.22983870967741934 0.12345679012345678 0.056451612903225805
3 0.8827160493827161 0.35080645161290325 0.12345679012345678 0.056451612903225805
4 0.8302469135802469 0.7358870967741935 0.11728395061728394 0.05241935483870968
0 0.8549382716049383 0.5665322580645161 0.12345679012345678 0.056451612903225805
0 0.8950617283950617 0.2903225806451613 0.12345679012345678 0.06048387096774194
7 0.8209876543209876 0.7883064516129032 0.11728395061728394 0.05241935483870968
5 0.8179012345679012 0.842741935483871 0.11728395061728394 0.05241935483870968
0 0.9166666666666666 0.1693548387096774 0.12345679012345678 0.06048387096774194
6 0.845679012345679 0.625 0.12345679012345678 0.056451612903225805
6 0.8395061728395061 0.6794354838709677 0.11728395061728394 0.056451612903225805
8 0.8765432098765432 0.4112903225806452 0.12345679012345678 0.056451612903225805
3 0.7993827160493827 0.9516129032258065 0.11728395061728394 0.056451612903225805