0 0.8875432525951558 0.8217821782178217 0.07958477508650519 0.04950495049504951
8 0.8961937716262975 0.6567656765676567 0.08304498269896193 0.04950495049504951
4 0.8788927335640139 0.933993399339934 0.07958477508650519 0.04950495049504951
0 0.8910034602076125 0.7673267326732673 0.07958477508650519 0.04950495049504951
0 0.9117647058823529 0.43564356435643564 0.08304498269896193 0.052805280528052806
6 0.9152249134948097 0.37623762376237624 0.08304498269896193 0.052805280528052806
6 0.8996539792387543 0.6006600660066007 0.07958477508650519 0.052805280528052806
0 0.8927335640138409 0.7112211221122112 0.07958477508650519 0.04950495049504951
0 0.9186851211072664 0.31518151815181517 0.08304498269896193 0.056105610561056105
8 0.9342560553633218 0.13036303630363036 0.08650519031141868 0.0594059405940594
9 0.9041176470588236 0.5432343234323432 0.08885813148788928 0.05854785478547854
0 0.92719723183391 0.2529042904290429 0.0980968858131488 0.05834983498349835
9 0.9280968858131489 0.19042904290429044 0.09626297577854671 0.06006600660066006