8 0.4421768707482993 0.85 0.047619047619047616 0.23636363636363636
0 0.20068027210884354 0.8545454545454545 0.047619047619047616 0.23636363636363636
0 0.2619047619047619 0.8545454545454545 0.05102040816326531 0.23636363636363636
0 0.7840136054421769 0.8454545454545455 0.047619047619047616 0.23636363636363636
0 0.5017006802721088 0.85 0.047619047619047616 0.23636363636363636
0 0.7244897959183674 0.8454545454545455 0.047619047619047616 0.23636363636363636
0 0.6649659863945578 0.8454545454545455 0.047619047619047616 0.23636363636363636
7 0.3231292517006803 0.8545454545454545 0.05102040816326531 0.23636363636363636
4 0.07993197278911565 0.8636363636363636 0.047619047619047616 0.22727272727272727
1 0.6054421768707483 0.85 0.03741496598639456 0.22727272727272727
6 0.3826530612244898 0.8545454545454545 0.047619047619047616 0.23636363636363636
7 0.8469387755102041 0.8454545454545455 0.05102040816326531 0.24545454545454545
1 0.9030612244897959 0.85 0.03741496598639456 0.22727272727272727