5 0.1320754716981132 0.7943548387096774 0.1320754716981132 0.05241935483870968
7 0.13522012578616352 0.8487903225806451 0.1320754716981132 0.05241935483870968
3 0.12264150943396226 0.6270161290322581 0.12578616352201258 0.056451612903225805
6 0.13836477987421383 0.9012096774193549 0.12578616352201258 0.05241935483870968
6 0.1289308176100629 0.6854838709677419 0.1320754716981132 0.05241935483870968
5 0.1289308176100629 0.7399193548387096 0.1320754716981132 0.05241935483870968
6 0.1020125786163522 0.20967741935483872 0.14742138364779875 0.06048387096774194
0 0.11968553459119498 0.5273387096774194 0.14635220125786164 0.06181451612903226
4 0.11937106918238995 0.46508064516129033 0.140062893081761 0.05193548387096775
5 0.11867924528301887 0.4016935483870968 0.15540880503144655 0.057701612903225806
0 0.10748427672955975 0.34145161290322584 0.14981132075471698 0.06620967741935485
0 0.10710691823899372 0.27358870967741933 0.14352201257861635 0.0630241935483871
3 0.09874213836477987 0.06399193548387097 0.16031446540880503 0.07004032258064516