2 0.7127272727272728 0.8696969696969697 0.04727272727272727 0.12727272727272726
0 0.2018181818181818 0.8757575757575757 0.05090909090909091 0.12727272727272726
4 0.09272727272727273 0.8848484848484849 0.04727272727272727 0.12727272727272726
6 0.5527272727272727 0.8727272727272727 0.04727272727272727 0.12121212121212122
6 0.3618181818181818 0.8787878787878788 0.04727272727272727 0.12121212121212122
1 0.66 0.8696969696969697 0.04363636363636364 0.12121212121212122
6 0.7672727272727272 0.8727272727272727 0.04727272727272727 0.12121212121212122
0 0.2545454545454545 0.8757575757575757 0.05090909090909091 0.12727272727272726
4 0.4127272727272727 0.8757575757575757 0.04727272727272727 0.12121212121212122
4 0.46545454545454545 0.8757575757575757 0.04727272727272727 0.12121212121212122
0 0.6054545454545455 0.8696969696969697 0.04727272727272727 0.12727272727272726
2 0.30727272727272725 0.8757575757575757 0.04363636363636364 0.12727272727272726
7 0.82 0.8666666666666667 0.04363636363636364 0.12727272727272726