5 0.3662420382165605 0.8272727272727273 0.04777070063694268 0.19090909090909092
5 0.4267515923566879 0.8227272727272728 0.050955414012738856 0.19090909090909092
4 0.04777070063694268 0.8272727272727273 0.050955414012738856 0.21818181818181817
4 0.4888535031847134 0.8227272727272728 0.050955414012738856 0.2
0 0.7070063694267515 0.8227272727272728 0.05732484076433121 0.19090909090909092
5 0.8885350318471338 0.8227272727272728 0.04777070063694268 0.18181818181818182
0 0.17993630573248406 0.8227272727272728 0.05732484076433121 0.20909090909090908
0 0.8296178343949044 0.8181818181818182 0.05732484076433121 0.19090909090909092
7 0.5859872611464968 0.8272727272727273 0.04777070063694268 0.2
1 0.6464968152866242 0.8272727272727273 0.04777070063694268 0.19090909090909092
1 0.24044585987261147 0.8318181818181818 0.03821656050955414 0.2
1 0.7691082802547771 0.8272727272727273 0.04777070063694268 0.19090909090909092
1 0.30254777070063693 0.8272727272727273 0.03821656050955414 0.2