6 0.42913385826771655 0.8786407766990292 0.051181102362204724 0.18446601941747573
8 0.3090551181102362 0.8786407766990292 0.051181102362204724 0.18446601941747573
4 0.06299212598425197 0.8786407766990292 0.05511811023622047 0.18446601941747573
2 0.59251968503937 0.8737864077669902 0.051181102362204724 0.1941747572815534
0 0.1889763779527559 0.8737864077669902 0.051181102362204724 0.18446601941747573
2 0.7125984251968503 0.8737864077669902 0.051181102362204724 0.18446601941747573
6 0.49015748031496065 0.883495145631068 0.051181102362204724 0.18446601941747573
1 0.65748031496063 0.8737864077669902 0.047244094488188976 0.17475728155339806
1 0.8346456692913385 0.8737864077669902 0.047244094488188976 0.18446601941747573
0 0.24803149606299213 0.8786407766990292 0.05511811023622047 0.1941747572815534
0 0.7716535433070866 0.8689320388349514 0.05511811023622047 0.1941747572815534
6 0.3720472440944882 0.8786407766990292 0.051181102362204724 0.18446601941747573
6 0.8917322834645669 0.8737864077669902 0.051181102362204724 0.18446601941747573