8 0.4895833333333333 0.9112426035502958 0.05 0.11242603550295859
8 0.42916666666666664 0.9112426035502958 0.05 0.11834319526627218
0 0.30833333333333335 0.9112426035502958 0.05416666666666667 0.11834319526627218
0 0.1875 0.9112426035502958 0.05 0.11242603550295859
1 0.5833333333333334 0.9112426035502958 0.04583333333333333 0.11242603550295859
0 0.8166666666666667 0.908284023668639 0.05 0.11242603550295859
0 0.24791666666666667 0.9112426035502958 0.05 0.11834319526627218
3 0.8791666666666667 0.9112426035502958 0.05416666666666667 0.11834319526627218
4 0.052083333333333336 0.9142011834319527 0.05416666666666667 0.11834319526627218
7 0.6395833333333333 0.908284023668639 0.05416666666666667 0.11834319526627218
5 0.6979166666666666 0.908284023668639 0.05416666666666667 0.11834319526627218
3 0.7604166666666666 0.908284023668639 0.05416666666666667 0.11834319526627218
3 0.37083333333333335 0.9112426035502958 0.05416666666666667 0.11834319526627218