8 0.6380090497737556 0.9128440366972477 0.049773755656108594 0.1559633027522936
2 0.8122171945701357 0.9174311926605505 0.049773755656108594 0.1651376146788991
0 0.24660633484162897 0.9036697247706422 0.05429864253393665 0.1651376146788991
0 0.48642533936651583 0.9036697247706422 0.049773755656108594 0.1651376146788991
0 0.3076923076923077 0.9036697247706422 0.05429864253393665 0.1651376146788991
0 0.1832579185520362 0.9036697247706422 0.05429864253393665 0.1651376146788991
0 0.4253393665158371 0.9036697247706422 0.05429864253393665 0.1651376146788991
4 0.05429864253393665 0.9036697247706422 0.05429864253393665 0.1743119266055046
4 0.36877828054298645 0.9036697247706422 0.049773755656108594 0.1651376146788991
1 0.579185520361991 0.9128440366972477 0.04072398190045249 0.1651376146788991
1 0.755656108597285 0.9174311926605505 0.03619909502262444 0.1651376146788991
1 0.7036199095022625 0.9128440366972477 0.03619909502262444 0.1651376146788991
1 0.8665158371040724 0.9220183486238532 0.03619909502262444 0.1559633027522936