8 0.061128526645768025 0.8111888111888111 0.0438871473354232 0.14685314685314685
3 0.30094043887147337 0.8146853146853147 0.0438871473354232 0.14685314685314685
0 0.5721003134796239 0.8076923076923077 0.047021943573667714 0.14685314685314685
8 0.4200626959247649 0.8146853146853147 0.0438871473354232 0.14685314685314685
5 0.8087774294670846 0.7972027972027972 0.0438871473354232 0.14685314685314685
0 0.18808777429467086 0.8146853146853147 0.0438871473354232 0.14685314685314685
0 0.47962382445141066 0.8076923076923077 0.047021943573667714 0.14685314685314685
0 0.6896551724137931 0.8041958041958042 0.047021943573667714 0.14685314685314685
0 0.2445141065830721 0.8146853146853147 0.0438871473354232 0.14685314685314685
3 0.6300940438871473 0.8076923076923077 0.047021943573667714 0.14685314685314685
9 0.3605015673981191 0.8146853146853147 0.0438871473354232 0.14685314685314685
9 0.8636363636363636 0.7972027972027972 0.047021943573667714 0.14685314685314685
3 0.7476489028213166 0.8006993006993007 0.047021943573667714 0.14685314685314685