8 0.8819188191881919 0.8526785714285714 0.04059040590405904 0.14285714285714285
5 0.7011070110701108 0.8482142857142857 0.04059040590405904 0.15178571428571427
4 0.055350553505535055 0.8571428571428571 0.04059040590405904 0.14285714285714285
2 0.5719557195571956 0.8526785714285714 0.04059040590405904 0.15178571428571427
0 0.14575645756457564 0.8526785714285714 0.04059040590405904 0.14285714285714285
3 0.46309963099630996 0.8482142857142857 0.04059040590405904 0.15178571428571427
9 0.7638376383763837 0.8526785714285714 0.04059040590405904 0.15178571428571427
0 0.21217712177121772 0.8482142857142857 0.04059040590405904 0.15178571428571427
9 0.6365313653136532 0.8482142857142857 0.04059040590405904 0.15178571428571427
1 0.8284132841328413 0.8526785714285714 0.03690036900369004 0.15178571428571427
1 0.33948339483394835 0.8526785714285714 0.04059040590405904 0.15178571428571427
3 0.3948339483394834 0.8482142857142857 0.04059040590405904 0.15178571428571427
1 0.28044280442804426 0.8526785714285714 0.03690036900369004 0.15178571428571427