2 0.7747603833865815 0.847457627118644 0.054313099041533544 0.15819209039548024
0 0.18210862619808307 0.8418079096045198 0.054313099041533544 0.15254237288135594
0 0.24281150159744408 0.8418079096045198 0.054313099041533544 0.15254237288135594
4 0.3035143769968051 0.847457627118644 0.054313099041533544 0.15254237288135594
9 0.6533546325878594 0.8502824858757062 0.054313099041533544 0.15819209039548024
7 0.5910543130990416 0.8502824858757062 0.05750798722044728 0.15819209039548024
4 0.48562300319488816 0.8502824858757062 0.051118210862619806 0.15254237288135594
4 0.05591054313099041 0.8389830508474576 0.051118210862619806 0.15254237288135594
8 0.8370607028753994 0.844632768361582 0.054313099041533544 0.15254237288135594
6 0.7156549520766773 0.847457627118644 0.05750798722044728 0.15254237288135594
6 0.4249201277955272 0.847457627118644 0.054313099041533544 0.15254237288135594
7 0.36261980830670926 0.847457627118644 0.05750798722044728 0.15254237288135594
1 0.8977635782747604 0.8502824858757062 0.04472843450479233 0.15254237288135594