6 0.8383233532934131 0.5446153846153846 0.15568862275449102 0.05846153846153846
6 0.8353293413173652 0.6030769230769231 0.15568862275449102 0.055384615384615386
6 0.8473053892215568 0.3169230769230769 0.16167664670658682 0.06461538461538462
8 0.8293413173652695 0.7169230769230769 0.15568862275449102 0.055384615384615386
2 0.844311377245509 0.44153846153846155 0.16167664670658682 0.05846153846153846
6 0.8323353293413174 0.66 0.15568862275449102 0.05846153846153846
0 0.844311377245509 0.38153846153846155 0.16766467065868262 0.06461538461538462
4 0.8203592814371258 0.936923076923077 0.15568862275449102 0.055384615384615386
0 0.8263473053892215 0.8261538461538461 0.15568862275449102 0.055384615384615386
0 0.8293413173652695 0.7723076923076924 0.15568862275449102 0.055384615384615386
5 0.8524550898203593 0.2523076923076923 0.17191616766467066 0.06153846153846154
0 0.8532934131736527 0.18615384615384614 0.16766467065868262 0.06769230769230769
3 0.8586227544910179 0.11926153846153846 0.19209580838323354 0.0656923076923077