2 0.2871287128712871 0.9142011834319527 0.052805280528052806 0.14792899408284024
8 0.4735973597359736 0.9142011834319527 0.056105610561056105 0.14792899408284024
8 0.7029702970297029 0.9023668639053254 0.052805280528052806 0.14792899408284024
4 0.41089108910891087 0.9142011834319527 0.052805280528052806 0.14201183431952663
4 0.3481848184818482 0.9142011834319527 0.052805280528052806 0.14201183431952663
0 0.5808580858085809 0.908284023668639 0.052805280528052806 0.14792899408284024
0 0.22607260726072606 0.9112426035502958 0.052805280528052806 0.14792899408284024
0 0.16831683168316833 0.908284023668639 0.04950495049504951 0.14792899408284024
3 0.7623762376237624 0.8994082840236687 0.056105610561056105 0.14792899408284024
0 0.8795379537953796 0.8875739644970414 0.04950495049504951 0.14792899408284024
1 0.6402640264026402 0.908284023668639 0.0462046204620462 0.14201183431952663
6 0.8234323432343235 0.893491124260355 0.052805280528052806 0.14792899408284024
4 0.054455445544554455 0.9053254437869822 0.0462046204620462 0.14792899408284024