2 0.8618090452261307 0.9015748031496063 0.05025125628140704 0.11811023622047244
0 0.4648241206030151 0.8976377952755905 0.05025125628140704 0.11811023622047244
0 0.28391959798994976 0.905511811023622 0.05527638190954774 0.12598425196850394
0 0.5653266331658291 0.9015748031496063 0.05527638190954774 0.11811023622047244
0 0.4045226130653266 0.9015748031496063 0.05527638190954774 0.12598425196850394
6 0.1708542713567839 0.9094488188976378 0.05527638190954774 0.12598425196850394
8 0.8040201005025126 0.8976377952755905 0.05025125628140704 0.11811023622047244
6 0.6256281407035176 0.9015748031496063 0.05025125628140704 0.11811023622047244
7 0.04773869346733668 0.9133858267716536 0.05025125628140704 0.12598425196850394
2 0.3442211055276382 0.9015748031496063 0.04522613065326633 0.11811023622047244
8 0.6834170854271356 0.9015748031496063 0.05025125628140704 0.11811023622047244
1 0.22613065326633167 0.9094488188976378 0.04020100502512563 0.12598425196850394
2 0.7437185929648241 0.8976377952755905 0.04522613065326633 0.11023622047244094