5 0.7484375 0.8940677966101694 0.05625 0.11864406779661017
6 0.3453125 0.8919491525423728 0.05625 0.11440677966101695
0 0.565625 0.8898305084745762 0.05625 0.11440677966101695
0 0.2234375 0.8919491525423728 0.059375 0.11440677966101695
0 0.1609375 0.8919491525423728 0.05625 0.11440677966101695
0 0.8703125 0.8940677966101694 0.059375 0.11440677966101695
3 0.684375 0.8919491525423728 0.0625 0.11864406779661017
4 0.05625 0.8940677966101694 0.053125 0.1228813559322034
1 0.2859375 0.8919491525423728 0.046875 0.11016949152542373
1 0.8078125 0.8940677966101694 0.04375 0.11016949152542373
0 0.4046875 0.8898305084745762 0.059375 0.11864406779661017
2 0.6265625 0.8940677966101694 0.053125 0.11864406779661017
8 0.47181249999999997 0.8830508474576272 0.060343749999999995 0.11707627118644068