2 0.45416666666666666 0.8895348837209303 0.05 0.10465116279069768
2 0.7166666666666667 0.8924418604651163 0.05 0.10465116279069768
2 0.8229166666666666 0.8953488372093024 0.05 0.10465116279069768
2 0.05416666666666667 0.8837209302325582 0.05416666666666667 0.11046511627906977
6 0.6645833333333333 0.8924418604651163 0.05416666666666667 0.10465116279069768
0 0.18541666666666667 0.8866279069767442 0.05 0.10465116279069768
0 0.3458333333333333 0.8866279069767442 0.05 0.09883720930232558
0 0.55625 0.8895348837209303 0.05 0.09883720930232558
1 0.7729166666666667 0.8924418604651163 0.041666666666666664 0.10465116279069768
0 0.4 0.8866279069767442 0.05416666666666667 0.09883720930232558
0 0.6104166666666667 0.8895348837209303 0.05 0.10465116279069768
0 0.23958333333333334 0.8866279069767442 0.05416666666666667 0.10465116279069768
7 0.29375 0.8837209302325582 0.05 0.10465116279069768