2 0.47704918032786886 0.8900862068965517 0.04918032786885246 0.09913793103448276
3 0.419672131147541 0.8879310344827587 0.05245901639344262 0.09913793103448276
3 0.8081967213114755 0.8857758620689655 0.05245901639344262 0.09913793103448276
0 0.1819672131147541 0.8879310344827587 0.04918032786885246 0.09913793103448276
0 0.24262295081967214 0.8879310344827587 0.04918032786885246 0.09913793103448276
5 0.7491803278688525 0.8857758620689655 0.04918032786885246 0.09913793103448276
0 0.5754098360655737 0.8857758620689655 0.04918032786885246 0.09913793103448276
4 0.3590163934426229 0.8879310344827587 0.04918032786885246 0.09913793103448276
9 0.6918032786885245 0.8857758620689655 0.04918032786885246 0.09913793103448276
6 0.6360655737704918 0.8857758620689655 0.04590163934426229 0.09482758620689655
1 0.30491803278688523 0.8900862068965517 0.04590163934426229 0.09913793103448276
4 0.06229508196721312 0.8943965517241379 0.04918032786885246 0.10344827586206896
1 0.8672131147540983 0.8879310344827587 0.03934426229508197 0.09913793103448276