2 0.8874643874643875 0.9140969162995595 0.04843304843304843 0.11894273127753303
8 0.8290598290598291 0.9162995594713657 0.05128205128205128 0.1145374449339207
8 0.7094017094017094 0.9251101321585903 0.05128205128205128 0.1145374449339207
0 0.48005698005698005 0.9273127753303965 0.05128205128205128 0.1145374449339207
6 0.17094017094017094 0.9317180616740088 0.05413105413105413 0.11894273127753303
0 0.5883190883190883 0.9295154185022027 0.05128205128205128 0.1145374449339207
0 0.41737891737891736 0.9273127753303965 0.05413105413105413 0.1145374449339207
1 0.2336182336182336 0.9295154185022027 0.045584045584045586 0.11013215859030837
4 0.3561253561253561 0.9273127753303965 0.04843304843304843 0.1145374449339207
4 0.7692307692307693 0.920704845814978 0.04843304843304843 0.1145374449339207
0 0.2934472934472934 0.9251101321585903 0.05128205128205128 0.1145374449339207
6 0.6495726495726496 0.9295154185022027 0.05128205128205128 0.11894273127753303
7 0.04415954415954416 0.9317180616740088 0.05698005698005698 0.12334801762114538