2 0.3005050505050505 0.8811188811188811 0.05555555555555555 0.11188811188811189
5 0.7651515151515151 0.8636363636363636 0.05555555555555555 0.11888111888111888
9 0.7070707070707071 0.8671328671328671 0.06060606060606061 0.11888111888111888
2 0.648989898989899 0.8706293706293706 0.05555555555555555 0.11888111888111888
0 0.5883838383838383 0.8706293706293706 0.05555555555555555 0.11188811188811189
0 0.2398989898989899 0.8811188811188811 0.05555555555555555 0.11188811188811189
0 0.17929292929292928 0.8811188811188811 0.05555555555555555 0.11188811188811189
8 0.4823232323232323 0.8776223776223776 0.05555555555555555 0.11188811188811189
4 0.06060606060606061 0.8811188811188811 0.05555555555555555 0.11888111888111888
7 0.8257575757575758 0.8601398601398601 0.05555555555555555 0.11188811188811189
4 0.3611111111111111 0.8776223776223776 0.05555555555555555 0.1048951048951049
1 0.8787878787878788 0.8566433566433567 0.04040404040404041 0.11188811188811189
4 0.4217171717171717 0.8776223776223776 0.050505050505050504 0.11188811188811189