8 0.8371428571428572 0.9214876033057852 0.05142857142857143 0.11570247933884298
8 0.7142857142857143 0.9214876033057852 0.05142857142857143 0.10743801652892562
2 0.8971428571428571 0.9214876033057852 0.045714285714285714 0.11570247933884298
6 0.18 0.9214876033057852 0.05142857142857143 0.11570247933884298
6 0.6514285714285715 0.9214876033057852 0.05142857142857143 0.11570247933884298
0 0.4857142857142857 0.9173553719008265 0.05142857142857143 0.11570247933884298
4 0.7742857142857142 0.9214876033057852 0.045714285714285714 0.11570247933884298
0 0.4228571428571429 0.9173553719008265 0.05142857142857143 0.11570247933884298
4 0.3628571428571429 0.9214876033057852 0.05142857142857143 0.11570247933884298
0 0.3028571428571429 0.9173553719008265 0.05142857142857143 0.11570247933884298
0 0.5914285714285714 0.9173553719008265 0.05142857142857143 0.10743801652892562
7 0.054285714285714284 0.9214876033057852 0.05142857142857143 0.11570247933884298
1 0.24285714285714285 0.9214876033057852 0.045714285714285714 0.11570247933884298