2 0.3545816733067729 0.9161676646706587 0.04780876494023904 0.11377245508982035
1 0.29880478087649404 0.9131736526946108 0.043824701195219126 0.10179640718562874
0 0.4123505976095618 0.9131736526946108 0.04780876494023904 0.10778443113772455
4 0.061752988047808766 0.9101796407185628 0.04780876494023904 0.10778443113772455
0 0.8007968127490039 0.9161676646706587 0.04780876494023904 0.10778443113772455
0 0.17928286852589642 0.9101796407185628 0.04780876494023904 0.10778443113772455
3 0.6274900398406374 0.9161676646706587 0.05179282868525897 0.10778443113772455
1 0.5717131474103586 0.9161676646706587 0.043824701195219126 0.10778443113772455
0 0.4701195219123506 0.9131736526946108 0.04780876494023904 0.10778443113772455
1 0.2410358565737052 0.9131736526946108 0.0398406374501992 0.10179640718562874
9 0.7430278884462151 0.9191616766467066 0.04780876494023904 0.10778443113772455
6 0.6852589641434262 0.9191616766467066 0.04780876494023904 0.10778443113772455
7 0.8605577689243028 0.9191616766467066 0.04780876494023904 0.11377245508982035