2 0.6684397163120568 0.8629629629629629 0.04964539007092199 0.15555555555555556
9 0.450354609929078 0.8592592592592593 0.05319148936170213 0.15555555555555556
4 0.040780141843971635 0.8518518518518519 0.04964539007092199 0.16296296296296298
5 0.7836879432624113 0.8703703703703703 0.04964539007092199 0.15555555555555556
6 0.39361702127659576 0.8555555555555555 0.04964539007092199 0.15555555555555556
0 0.2783687943262411 0.8518518518518519 0.04964539007092199 0.15555555555555556
0 0.22163120567375885 0.8518518518518519 0.04964539007092199 0.15555555555555556
0 0.16312056737588654 0.8481481481481481 0.05319148936170213 0.15555555555555556
8 0.3351063829787234 0.8555555555555555 0.04964539007092199 0.15555555555555556
4 0.6117021276595744 0.8629629629629629 0.04609929078014184 0.15555555555555556
0 0.725177304964539 0.8666666666666667 0.05319148936170213 0.14814814814814814
0 0.5549645390070922 0.8592592592592593 0.04964539007092199 0.15555555555555556
6 0.8404255319148937 0.8740740740740741 0.05319148936170213 0.15555555555555556