8 0.4695817490494297 0.8921568627450981 0.045627376425855515 0.13071895424836602
4 0.053231939163498096 0.8758169934640523 0.049429657794676805 0.13725490196078433
9 0.2946768060836502 0.8856209150326797 0.053231939163498096 0.13071895424836602
0 0.23574144486692014 0.8790849673202614 0.049429657794676805 0.13071895424836602
0 0.17680608365019013 0.8790849673202614 0.049429657794676805 0.13071895424836602
4 0.6387832699619772 0.8921568627450981 0.045627376425855515 0.13071895424836602
6 0.8155893536121673 0.8921568627450981 0.053231939163498096 0.13071895424836602
1 0.4068441064638783 0.8888888888888888 0.04182509505703422 0.13071895424836602
9 0.6977186311787072 0.8888888888888888 0.053231939163498096 0.13071895424836602
4 0.3517110266159696 0.8888888888888888 0.045627376425855515 0.13071895424836602
1 0.752851711026616 0.8921568627450981 0.04182509505703422 0.13071895424836602
1 0.870722433460076 0.8921568627450981 0.03802281368821293 0.13071895424836602
1 0.5760456273764258 0.8921568627450981 0.04182509505703422 0.13071895424836602