2 0.05458515283842795 0.8888888888888888 0.056768558951965066 0.11728395061728394
0 0.7794759825327511 0.8796296296296297 0.05240174672489083 0.1111111111111111
0 0.8427947598253275 0.8796296296296297 0.05240174672489083 0.1111111111111111
0 0.2292576419213974 0.8827160493827161 0.056768558951965066 0.1111111111111111
6 0.6572052401746725 0.8827160493827161 0.05240174672489083 0.10493827160493827
0 0.16375545851528384 0.8858024691358025 0.05240174672489083 0.11728395061728394
0 0.4847161572052402 0.8796296296296297 0.05240174672489083 0.1111111111111111
3 0.7183406113537117 0.8796296296296297 0.048034934497816595 0.11728395061728394
3 0.29475982532751094 0.8827160493827161 0.05240174672489083 0.1111111111111111
9 0.42358078602620086 0.8796296296296297 0.05240174672489083 0.10493827160493827
4 0.5938864628820961 0.8796296296296297 0.05240174672489083 0.10493827160493827
7 0.9017467248908297 0.8765432098765432 0.05240174672489083 0.10493827160493827
8 0.35807860262008734 0.8827160493827161 0.048034934497816595 0.1111111111111111