0 0.24532710280373832 0.8841463414634146 0.0514018691588785 0.10365853658536585
4 0.0630841121495327 0.8810975609756098 0.0514018691588785 0.10365853658536585
0 0.3037383177570093 0.8841463414634146 0.0514018691588785 0.10365853658536585
0 0.18691588785046728 0.8810975609756098 0.0514018691588785 0.10365853658536585
0 0.4182242990654206 0.8841463414634146 0.0514018691588785 0.10365853658536585
0 0.5841121495327103 0.8871951219512195 0.0514018691588785 0.10365853658536585
4 0.3598130841121495 0.8841463414634146 0.04672897196261682 0.10365853658536585
0 0.4766355140186916 0.8871951219512195 0.0514018691588785 0.10365853658536585
0 0.8714953271028038 0.8902439024390244 0.0514018691588785 0.10365853658536585
4 0.8130841121495327 0.8902439024390244 0.04672897196261682 0.10365853658536585
0 0.6985981308411215 0.8871951219512195 0.0514018691588785 0.10365853658536585
3 0.7546728971962616 0.8871951219512195 0.04672897196261682 0.10365853658536585
7 0.6378504672897196 0.8871951219512195 0.04672897196261682 0.10975609756097561