2 0.8293478260869566 0.9188311688311688 0.05 0.1038961038961039
8 0.06086956521739131 0.8928571428571429 0.041304347826086954 0.10714285714285714
8 0.7152173913043478 0.9237012987012987 0.05 0.11363636363636363
0 0.6554347826086957 0.922077922077922 0.05 0.11038961038961038
0 0.5945652173913043 0.922077922077922 0.05 0.11038961038961038
0 0.43043478260869567 0.9237012987012987 0.05 0.11363636363636363
8 0.3108695652173913 0.9237012987012987 0.04565217391304348 0.11038961038961038
0 0.15760869565217392 0.9058441558441559 0.0391304347826087 0.10714285714285714
6 0.2565217391304348 0.9204545454545454 0.043478260869565216 0.10714285714285714
5 0.5347826086956522 0.926948051948052 0.04782608695652174 0.11038961038961038
1 0.3739130434782609 0.926948051948052 0.041304347826086954 0.11038961038961038
7 0.20326086956521738 0.9107142857142857 0.041304347826086954 0.1038961038961039
7 0.775 0.922077922077922 0.05 0.11038961038961038