3 0.6426332288401254 0.8031496062992126 0.05956112852664577 0.2047244094488189
6 0.5815047021943573 0.8110236220472441 0.05956112852664577 0.1968503937007874
6 0.4153605015673981 0.8267716535433071 0.05956112852664577 0.1968503937007874
1 0.7695924764890282 0.7952755905511811 0.047021943573667714 0.1968503937007874
6 0.28996865203761757 0.8346456692913385 0.06269592476489028 0.2047244094488189
7 0.8338557993730408 0.7874015748031497 0.06583072100313479 0.2125984251968504
5 0.7053291536050157 0.7992125984251969 0.05956112852664577 0.1968503937007874
1 0.3510971786833856 0.8267716535433071 0.047021943573667714 0.1968503937007874
0 0.4780564263322884 0.8188976377952756 0.05956112852664577 0.1968503937007874
0 0.1614420062695925 0.8385826771653543 0.06269592476489028 0.2047244094488189
0 0.22413793103448276 0.8346456692913385 0.06269592476489028 0.1968503937007874
1 0.8934169278996865 0.7874015748031497 0.0438871473354232 0.1968503937007874
4 0.05642633228840126 0.84251968503937 0.05956112852664577 0.2125984251968504