8 0.4557823129251701 0.8186813186813187 0.047619047619047616 0.21978021978021978
4 0.06292517006802721 0.8076923076923077 0.04421768707482993 0.23076923076923078
0 0.15306122448979592 0.8076923076923077 0.047619047619047616 0.23076923076923078
0 0.21258503401360543 0.8076923076923077 0.047619047619047616 0.23076923076923078
0 0.336734693877551 0.8131868131868132 0.05102040816326531 0.23076923076923078
9 0.27380952380952384 0.8131868131868132 0.047619047619047616 0.23076923076923078
0 0.8486394557823129 0.8296703296703297 0.047619047619047616 0.21978021978021978
7 0.3979591836734694 0.8131868131868132 0.047619047619047616 0.24175824175824176
5 0.6105442176870748 0.8296703296703297 0.047619047619047616 0.23076923076923078
9 0.6700680272108843 0.8296703296703297 0.05102040816326531 0.23076923076923078
1 0.7874149659863946 0.8351648351648352 0.04081632653061224 0.23076923076923078
6 0.5510204081632653 0.8241758241758241 0.047619047619047616 0.23076923076923078
7 0.7329931972789115 0.8241758241758241 0.047619047619047616 0.23076923076923078