8 0.6402439024390244 0.8807339449541285 0.04878048780487805 0.1743119266055046
9 0.5792682926829268 0.8853211009174312 0.052845528455284556 0.1834862385321101
0 0.23983739837398374 0.8899082568807339 0.056910569105691054 0.1743119266055046
0 0.3008130081300813 0.8899082568807339 0.052845528455284556 0.1743119266055046
8 0.3617886178861789 0.8899082568807339 0.052845528455284556 0.1834862385321101
4 0.6991869918699187 0.8807339449541285 0.052845528455284556 0.1743119266055046
0 0.17886178861788618 0.8944954128440367 0.056910569105691054 0.1743119266055046
0 0.4817073170731707 0.8853211009174312 0.056910569105691054 0.1834862385321101
7 0.42073170731707316 0.8853211009174312 0.056910569105691054 0.1834862385321101
6 0.7601626016260162 0.8761467889908257 0.052845528455284556 0.1834862385321101
4 0.054878048780487805 0.8990825688073395 0.052845528455284556 0.1743119266055046
1 0.8170731707317073 0.8715596330275229 0.036585365853658534 0.1834862385321101
1 0.8760162601626016 0.8715596330275229 0.032520325203252036 0.1743119266055046