3 0.6418439716312057 0.7837837837837838 0.05673758865248227 0.14189189189189189
3 0.5833333333333334 0.7871621621621622 0.05319148936170213 0.13513513513513514
3 0.7021276595744681 0.7837837837837838 0.05673758865248227 0.14189189189189189
5 0.2978723404255319 0.8074324324324325 0.05319148936170213 0.13513513513513514
0 0.4787234042553192 0.7905405405405406 0.05673758865248227 0.13513513513513514
0 0.41843971631205673 0.793918918918919 0.05673758865248227 0.13513513513513514
5 0.8829787234042553 0.777027027027027 0.05319148936170213 0.13513513513513514
0 0.2375886524822695 0.8074324324324325 0.05673758865248227 0.13513513513513514
0 0.8226950354609929 0.777027027027027 0.05673758865248227 0.14189189189189189
0 0.1773049645390071 0.8141891891891891 0.05673758865248227 0.13513513513513514
4 0.04964539007092199 0.831081081081081 0.04964539007092199 0.12837837837837837
5 0.35815602836879434 0.8006756756756757 0.05319148936170213 0.13513513513513514
0 0.7624113475177305 0.7804054054054054 0.05673758865248227 0.13513513513513514