8 0.4986111111111111 0.7965517241379311 0.041666666666666664 0.18620689655172415
8 0.8277777777777777 0.7931034482758621 0.041666666666666664 0.18620689655172415
2 0.5972222222222222 0.7965517241379311 0.044444444444444446 0.19310344827586207
2 0.8861111111111111 0.7931034482758621 0.041666666666666664 0.19310344827586207
0 0.3236111111111111 0.7931034482758621 0.04722222222222222 0.18620689655172415
0 0.7138888888888889 0.7931034482758621 0.04722222222222222 0.18620689655172415
0 0.2652777777777778 0.7931034482758621 0.04722222222222222 0.18620689655172415
0 0.6569444444444444 0.7931034482758621 0.04722222222222222 0.18620689655172415
1 0.4444444444444444 0.7965517241379311 0.03611111111111111 0.18620689655172415
3 0.3819444444444444 0.7965517241379311 0.044444444444444446 0.18620689655172415
6 0.7708333333333334 0.7931034482758621 0.044444444444444446 0.19310344827586207
0 0.20694444444444443 0.7896551724137931 0.04722222222222222 0.18620689655172415
8 0.059611111111111115 0.7816551724137931 0.04188888888888889 0.19779310344827586