2 0.3404761904761905 0.9025974025974026 0.05238095238095238 0.1038961038961039
8 0.6738095238095239 0.9025974025974026 0.05238095238095238 0.1038961038961039
1 0.7380952380952381 0.9025974025974026 0.047619047619047616 0.1038961038961039
0 0.5571428571428572 0.8993506493506493 0.05238095238095238 0.1038961038961039
0 0.28095238095238095 0.8993506493506493 0.05238095238095238 0.11038961038961038
0 0.6166666666666667 0.8993506493506493 0.05238095238095238 0.1038961038961039
0 0.4595238095238095 0.8993506493506493 0.05238095238095238 0.1038961038961039
0 0.16666666666666666 0.8993506493506493 0.05238095238095238 0.1038961038961039
4 0.05 0.9025974025974026 0.05238095238095238 0.11038961038961038
0 0.22380952380952382 0.8993506493506493 0.05238095238095238 0.1038961038961039
5 0.85 0.9025974025974026 0.05238095238095238 0.1038961038961039
9 0.7928571428571428 0.9025974025974026 0.05238095238095238 0.1038961038961039
9 0.3976190476190476 0.9025974025974026 0.05238095238095238 0.1038961038961039