2 0.7650375939849624 0.8623188405797102 0.05263157894736842 0.15217391304347827
0 0.231203007518797 0.8768115942028986 0.05263157894736842 0.15217391304347827
4 0.41729323308270677 0.8731884057971014 0.04887218045112782 0.15217391304347827
2 0.6447368421052632 0.8659420289855072 0.04887218045112782 0.15217391304347827
0 0.16917293233082706 0.8768115942028986 0.05263157894736842 0.15942028985507245
4 0.06578947368421052 0.8840579710144928 0.05263157894736842 0.15217391304347827
1 0.29699248120300753 0.8731884057971014 0.045112781954887216 0.14492753623188406
0 0.825187969924812 0.8623188405797102 0.05263157894736842 0.15217391304347827
3 0.35714285714285715 0.8731884057971014 0.04887218045112782 0.14492753623188406
4 0.8853383458646616 0.8623188405797102 0.04887218045112782 0.14492753623188406
5 0.7030075187969925 0.8659420289855072 0.05263157894736842 0.15942028985507245
5 0.4774436090225564 0.8695652173913043 0.04887218045112782 0.15217391304347827
5 0.5827067669172933 0.8695652173913043 0.04887218045112782 0.15942028985507245