2 0.4242957746478873 0.8971291866028708 0.04929577464788732 0.10047846889952153
8 0.6426056338028169 0.8899521531100478 0.04929577464788732 0.10047846889952153
3 0.06514084507042253 0.8971291866028708 0.0528169014084507 0.10526315789473684
2 0.7024647887323944 0.8899521531100478 0.04929577464788732 0.10526315789473684
4 0.8767605633802817 0.8851674641148325 0.045774647887323945 0.10047846889952153
0 0.24471830985915494 0.8947368421052632 0.04929577464788732 0.10047846889952153
5 0.3644366197183099 0.8971291866028708 0.04929577464788732 0.10047846889952153
2 0.8186619718309859 0.8875598086124402 0.04929577464788732 0.10526315789473684
0 0.3045774647887324 0.8947368421052632 0.04929577464788732 0.10047846889952153
0 0.4823943661971831 0.8923444976076556 0.04929577464788732 0.10047846889952153
6 0.18661971830985916 0.8971291866028708 0.0528169014084507 0.10047846889952153
9 0.5827464788732394 0.8923444976076556 0.04929577464788732 0.10047846889952153
7 0.7605633802816901 0.8851674641148325 0.0528169014084507 0.10526315789473684