0 0.1619047619047619 0.8881578947368421 0.05714285714285714 0.1118421052631579
2 0.45476190476190476 0.8914473684210527 0.05238095238095238 0.125
0 0.22142857142857142 0.8881578947368421 0.05238095238095238 0.1118421052631579
0 0.7738095238095238 0.8914473684210527 0.05238095238095238 0.11842105263157894
4 0.6 0.8881578947368421 0.047619047619047616 0.10526315789473684
1 0.3952380952380952 0.8881578947368421 0.04285714285714286 0.10526315789473684
9 0.3380952380952381 0.8909868421052632 0.05714285714285714 0.11098684210526316
5 0.5452380952380952 0.8914473684210527 0.05714285714285714 0.125
9 0.830952380952381 0.8881578947368421 0.05238095238095238 0.10526315789473684
8 0.28095238095238095 0.8881578947368421 0.05238095238095238 0.1118421052631579
4 0.06666666666666667 0.8848684210526315 0.047619047619047616 0.10526315789473684
5 0.6595238095238095 0.8914473684210527 0.05238095238095238 0.125
5 0.719047619047619 0.8914473684210527 0.05238095238095238 0.11842105263157894