2 0.637065637065637 0.7701612903225806 0.05019305019305019 0.1935483870967742
2 0.29922779922779924 0.7540322580645161 0.05405405405405406 0.18548387096774194
8 0.4749034749034749 0.7580645161290323 0.05019305019305019 0.18548387096774194
2 0.752895752895753 0.7741935483870968 0.05019305019305019 0.18548387096774194
3 0.5772200772200772 0.7661290322580645 0.05405405405405406 0.1935483870967742
8 0.8127413127413128 0.7741935483870968 0.05019305019305019 0.1935483870967742
7 0.8706563706563707 0.7782258064516129 0.04633204633204633 0.18548387096774194
1 0.4189189189189189 0.7580645161290323 0.04247104247104247 0.1774193548387097
0 0.23745173745173745 0.7459677419354839 0.04633204633204633 0.18548387096774194
6 0.694980694980695 0.7741935483870968 0.05019305019305019 0.18548387096774194
0 0.17953667953667954 0.7419354838709677 0.04633204633204633 0.18548387096774194
4 0.059845559845559844 0.7419354838709677 0.04633204633204633 0.18548387096774194
7 0.3590733590733591 0.7540322580645161 0.05019305019305019 0.18548387096774194