2 0.4765258215962441 0.8993055555555556 0.046948356807511735 0.10416666666666667
2 0.09389671361502347 0.9131944444444444 0.051643192488262914 0.09722222222222222
0 0.18544600938967137 0.90625 0.046948356807511735 0.10416666666666667
4 0.6830985915492958 0.8958333333333334 0.046948356807511735 0.10416666666666667
0 0.42018779342723006 0.9027777777777778 0.051643192488262914 0.10416666666666667
4 0.7394366197183099 0.8993055555555556 0.046948356807511735 0.10416666666666667
0 0.24413145539906103 0.90625 0.051643192488262914 0.10416666666666667
9 0.8568075117370892 0.8993055555555556 0.046948356807511735 0.10416666666666667
0 0.3615023474178404 0.9027777777777778 0.051643192488262914 0.10416666666666667
6 0.6267605633802817 0.8993055555555556 0.051643192488262914 0.10416666666666667
7 0.3028169014084507 0.9027777777777778 0.046948356807511735 0.10416666666666667
1 0.568075117370892 0.8993055555555556 0.04225352112676056 0.09722222222222222
7 0.7981220657276995 0.8958333333333334 0.051643192488262914 0.10416666666666667