2 0.8254716981132075 0.8181818181818182 0.050314465408805034 0.13333333333333333
8 0.7028301886792453 0.8151515151515152 0.050314465408805034 0.12727272727272726
9 0.8867924528301887 0.8181818181818182 0.04716981132075472 0.13333333333333333
0 0.5801886792452831 0.8121212121212121 0.050314465408805034 0.13333333333333333
0 0.1619496855345912 0.803030303030303 0.050314465408805034 0.13333333333333333
3 0.35062893081761004 0.806060606060606 0.050314465408805034 0.1393939393939394
1 0.6446540880503144 0.8151515151515152 0.0440251572327044 0.13333333333333333
5 0.47327044025157233 0.8090909090909091 0.050314465408805034 0.13333333333333333
1 0.7688679245283019 0.8181818181818182 0.040880503144654086 0.13333333333333333
1 0.41509433962264153 0.8090909090909091 0.0440251572327044 0.13333333333333333
1 0.22955974842767296 0.8090909090909091 0.0440251572327044 0.13333333333333333
4 0.059748427672955975 0.806060606060606 0.050314465408805034 0.1393939393939394
1 0.29245283018867924 0.8090909090909091 0.0440251572327044 0.13333333333333333