2 0.308259587020649 0.8802816901408451 0.0471976401179941 0.11267605633802817
6 0.3672566371681416 0.8802816901408451 0.05014749262536873 0.107981220657277
0 0.19616519174041297 0.8802816901408451 0.05014749262536873 0.11267605633802817
6 0.5678466076696165 0.8755868544600939 0.05014749262536873 0.107981220657277
4 0.07817109144542773 0.8873239436619719 0.05014749262536873 0.11737089201877934
1 0.6784660766961652 0.8755868544600939 0.04424778761061947 0.107981220657277
0 0.6238938053097345 0.8732394366197183 0.05014749262536873 0.107981220657277
4 0.7345132743362832 0.8755868544600939 0.0471976401179941 0.107981220657277
4 0.4218289085545723 0.8779342723004695 0.0471976401179941 0.107981220657277
0 0.252212389380531 0.8779342723004695 0.05014749262536873 0.11267605633802817
1 0.8466076696165191 0.8755868544600939 0.04129793510324484 0.107981220657277
4 0.4778761061946903 0.8779342723004695 0.0471976401179941 0.107981220657277
4 0.7905604719764012 0.8755868544600939 0.0471976401179941 0.107981220657277