2 0.7685714285714286 0.876 0.05142857142857143 0.208
0 0.2642857142857143 0.868 0.054285714285714284 0.216
0 0.20285714285714285 0.868 0.054285714285714284 0.216
0 0.7128571428571429 0.876 0.05142857142857143 0.208
7 0.6557142857142857 0.872 0.054285714285714284 0.216
5 0.38142857142857145 0.872 0.05142857142857143 0.216
7 0.32285714285714284 0.872 0.054285714285714284 0.216
7 0.8842857142857142 0.872 0.05142857142857143 0.216
1 0.49857142857142855 0.872 0.04285714285714286 0.208
7 0.8271428571428572 0.872 0.05714285714285714 0.216
5 0.5971428571428572 0.876 0.054285714285714284 0.216
4 0.07857142857142857 0.86 0.06 0.224
9 0.44142857142857145 0.876 0.05142857142857143 0.216