2 0.75 0.8803680981595092 0.05172413793103448 0.10429447852760736
2 0.28448275862068967 0.8711656441717791 0.05172413793103448 0.10429447852760736
0 0.16379310344827586 0.8680981595092024 0.05172413793103448 0.09815950920245399
9 0.3448275862068966 0.8742331288343558 0.05172413793103448 0.09815950920245399
4 0.0625 0.8711656441717791 0.04741379310344827 0.09815950920245399
4 0.4051724137931034 0.8742331288343558 0.04741379310344827 0.09815950920245399
6 0.6896551724137931 0.8773006134969326 0.05172413793103448 0.09815950920245399
1 0.6336206896551724 0.8773006134969326 0.04741379310344827 0.09202453987730061
0 0.22413793103448276 0.8711656441717791 0.05172413793103448 0.09815950920245399
5 0.8685344827586207 0.8803680981595092 0.04741379310344827 0.10429447852760736
0 0.5711206896551724 0.8742331288343558 0.05172413793103448 0.09815950920245399
1 0.8125 0.8803680981595092 0.04310344827586207 0.09815950920245399
0 0.46551724137931033 0.8711656441717791 0.05172413793103448 0.09815950920245399