4 0.04559748427672956 0.8537735849056604 0.059748427672955975 0.2358490566037736
4 0.8018867924528302 0.8349056603773585 0.050314465408805034 0.2169811320754717
4 0.7452830188679245 0.839622641509434 0.04716981132075472 0.2169811320754717
4 0.44654088050314467 0.8443396226415094 0.05345911949685535 0.22641509433962265
0 0.2248427672955975 0.8490566037735849 0.05345911949685535 0.2358490566037736
3 0.279874213836478 0.8490566037735849 0.050314465408805034 0.22641509433962265
0 0.16666666666666666 0.8537735849056604 0.05345911949685535 0.2358490566037736
3 0.8553459119496856 0.8301886792452831 0.050314465408805034 0.22641509433962265
0 0.6367924528301887 0.839622641509434 0.05345911949685535 0.22641509433962265
6 0.6933962264150944 0.839622641509434 0.050314465408805034 0.22641509433962265
6 0.33647798742138363 0.8443396226415094 0.05345911949685535 0.2358490566037736
1 0.5801886792452831 0.839622641509434 0.040880503144654086 0.22641509433962265
9 0.3915094339622642 0.8443396226415094 0.050314465408805034 0.22641509433962265