8 0.414 0.8798701298701299 0.044 0.09740259740259741
0 0.16 0.8831168831168831 0.044 0.09740259740259741
2 0.768 0.8798701298701299 0.044 0.1038961038961039
0 0.288 0.8831168831168831 0.044 0.09740259740259741
0 0.224 0.8831168831168831 0.044 0.09740259740259741
0 0.478 0.8798701298701299 0.044 0.09740259740259741
7 0.578 0.8798701298701299 0.044 0.1038961038961039
3 0.706 0.8766233766233766 0.044 0.1038961038961039
0 0.64 0.8798701298701299 0.044 0.09740259740259741
4 0.06 0.8863636363636364 0.044 0.1038961038961039
6 0.832 0.8798701298701299 0.048 0.09740259740259741
6 0.352 0.8831168831168831 0.044 0.09740259740259741
6 0.896 0.8798701298701299 0.048 0.09740259740259741