0 0.6498194945848376 0.6868852459016394 0.07581227436823104 0.07540983606557378
0 0.41335740072202165 0.8557377049180328 0.07942238267148015 0.06557377049180328
0 0.5902527075812274 0.7327868852459016 0.07942238267148015 0.07213114754098361
6 0.8339350180505415 0.5049180327868853 0.061371841155234655 0.07213114754098361
0 0.35018050541516244 0.8918032786885246 0.07942238267148015 0.06229508196721312
0 0.7888086642599278 0.5573770491803278 0.07581227436823104 0.07213114754098361
0 0.907942238267148 0.4065573770491803 0.06859205776173286 0.07540983606557378
0 0.740072202166065 0.6065573770491803 0.07942238267148015 0.07213114754098361
4 0.9422382671480144 0.3557377049180328 0.061371841155234655 0.06557377049180328
2 0.5285198555956679 0.7738688524590164 0.08231046931407943 0.06904918032786884
8 0.2292418772563177 0.9540983606557377 0.08303249097472924 0.06557377049180328
3 0.8696389891696751 0.45859016393442625 0.06191335740072201 0.07603278688524591
5 0.4692057761732852 0.8158688524590164 0.07339350180505415 0.0740655737704918