4 0.05115511551155116 0.8388429752066116 0.04950495049504951 0.19008264462809918
0 0.1485148514851485 0.8388429752066116 0.0462046204620462 0.19008264462809918
0 0.2079207920792079 0.8388429752066116 0.0462046204620462 0.19008264462809918
3 0.4471947194719472 0.8388429752066116 0.0429042904290429 0.19008264462809918
3 0.38778877887788776 0.8388429752066116 0.0429042904290429 0.19008264462809918
1 0.7821782178217822 0.8429752066115702 0.039603960396039604 0.19008264462809918
7 0.6039603960396039 0.8388429752066116 0.0429042904290429 0.19008264462809918
1 0.6617161716171617 0.8429752066115702 0.0429042904290429 0.19008264462809918
1 0.26567656765676567 0.8388429752066116 0.039603960396039604 0.18181818181818182
1 0.32838283828382836 0.8388429752066116 0.039603960396039604 0.18181818181818182
5 0.8415841584158416 0.8471074380165289 0.0462046204620462 0.19008264462809918
8 0.7253135313531354 0.8446280991735537 0.04795379537953795 0.18999999999999997
8 0.5437953795379539 0.838595041322314 0.0463036303630363 0.17859504132231405