0 0.5610687022900763 0.8775510204081632 0.04580152671755725 0.09183673469387756
2 0.46946564885496184 0.8724489795918368 0.04580152671755725 0.09183673469387756
0 0.4122137404580153 0.8724489795918368 0.05343511450381679 0.09183673469387756
0 0.183206106870229 0.8673469387755102 0.04580152671755725 0.09183673469387756
2 0.6183206106870229 0.8775510204081632 0.04580152671755725 0.09183673469387756
0 0.7938931297709924 0.8775510204081632 0.05343511450381679 0.08163265306122448
1 0.29770992366412213 0.8673469387755102 0.03816793893129771 0.09183673469387756
4 0.851145038167939 0.8775510204081632 0.04580152671755725 0.08163265306122448
3 0.7290076335877863 0.8775510204081632 0.04580152671755725 0.10204081632653061
5 0.6755725190839694 0.8775510204081632 0.04580152671755725 0.10204081632653061
7 0.3549618320610687 0.8673469387755102 0.04580152671755725 0.09183673469387756
0 0.24045801526717558 0.8673469387755102 0.04580152671755725 0.09183673469387756
4 0.11068702290076336 0.8622448979591837 0.05343511450381679 0.09183673469387756