2 0.7894736842105263 0.8513513513513513 0.06220095693779904 0.16216216216216217
9 0.6602870813397129 0.8558558558558559 0.05741626794258373 0.16216216216216217
0 0.43779904306220097 0.8558558558558559 0.05741626794258373 0.15315315315315314
7 0.18660287081339713 0.8603603603603603 0.05741626794258373 0.16216216216216217
8 0.24641148325358853 0.8603603603603603 0.06220095693779904 0.15315315315315314
1 0.5980861244019139 0.8513513513513513 0.04784688995215311 0.15315315315315314
9 0.7272727272727273 0.8513513513513513 0.05741626794258373 0.16216216216216217
9 0.854066985645933 0.8468468468468469 0.05741626794258373 0.15315315315315314
4 0.9138755980861244 0.8513513513513513 0.05263157894736842 0.15315315315315314
8 0.31100478468899523 0.8558558558558559 0.05741626794258373 0.15315315315315314
9 0.05980861244019139 0.8603603603603603 0.06220095693779904 0.16216216216216217
8 0.37559808612440193 0.8558558558558559 0.05741626794258373 0.15315315315315314
8 0.5 0.8558558558558559 0.06220095693779904 0.15315315315315314