3 0.33174603174603173 0.8829787234042553 0.05714285714285714 0.09929078014184398
3 0.6222222222222222 0.8173758865248227 0.05714285714285714 0.09574468085106383
0 0.2111111111111111 0.9095744680851063 0.05396825396825397 0.09219858156028368
0 0.39365079365079364 0.8687943262411347 0.05714285714285714 0.09574468085106383
0 0.45396825396825397 0.8563829787234043 0.05714285714285714 0.09574468085106383
8 0.09365079365079365 0.9361702127659575 0.05714285714285714 0.08865248226950355
0 0.5174603174603175 0.8421985815602837 0.05714285714285714 0.09574468085106383
0 0.2714285714285714 0.8971631205673759 0.05714285714285714 0.09219858156028368
6 0.6857142857142857 0.8049645390070922 0.05396825396825397 0.09219858156028368
0 0.8666666666666667 0.7641843971631206 0.05396825396825397 0.09219858156028368
0 0.7444444444444445 0.7907801418439716 0.05714285714285714 0.09219858156028368
4 0.9301587301587302 0.75177304964539 0.050793650793650794 0.08865248226950355
4 0.807936507936508 0.7783687943262412 0.050793650793650794 0.0851063829787234