2 0.546875 0.8348623853211009 0.04513888888888889 0.1926605504587156
4 0.04861111111111111 0.8440366972477065 0.04861111111111111 0.1926605504587156
0 0.14756944444444445 0.8440366972477065 0.04861111111111111 0.1926605504587156
0 0.21006944444444445 0.8440366972477065 0.052083333333333336 0.1926605504587156
5 0.6666666666666666 0.8302752293577982 0.04861111111111111 0.1926605504587156
3 0.4513888888888889 0.8394495412844036 0.04513888888888889 0.1926605504587156
0 0.6076388888888888 0.8348623853211009 0.04861111111111111 0.1926605504587156
3 0.3888888888888889 0.8394495412844036 0.04861111111111111 0.1926605504587156
1 0.2673611111111111 0.8440366972477065 0.03819444444444445 0.1834862385321101
1 0.8472222222222222 0.8302752293577982 0.041666666666666664 0.1926605504587156
1 0.7864583333333334 0.8302752293577982 0.041666666666666664 0.1926605504587156
1 0.328125 0.8394495412844036 0.03819444444444445 0.1834862385321101
5 0.7274305555555556 0.8348623853211009 0.04861111111111111 0.1926605504587156