0 0.6314285714285715 0.1262135922330097 0.04857142857142857 0.13106796116504854
0 0.36142857142857143 0.11650485436893204 0.04857142857142857 0.13106796116504854
0 0.42 0.11893203883495146 0.04857142857142857 0.13106796116504854
0 0.7471428571428571 0.13106796116504854 0.05142857142857143 0.13592233009708737
4 0.92 0.12864077669902912 0.05142857142857143 0.13106796116504854
0 0.8042857142857143 0.13106796116504854 0.04857142857142857 0.13592233009708737
1 0.24285714285714285 0.11165048543689321 0.045714285714285714 0.13592233009708737
6 0.3028571428571429 0.11650485436893204 0.05142857142857143 0.13106796116504854
6 0.6885714285714286 0.12864077669902912 0.05142857142857143 0.13106796116504854
7 0.18857142857142858 0.10679611650485436 0.05142857142857143 0.13592233009708737
6 0.5742857142857143 0.1262135922330097 0.05142857142857143 0.13106796116504854
3 0.12857142857142856 0.10922330097087378 0.05142857142857143 0.13592233009708737
2 0.5171428571428571 0.12378640776699029 0.05142857142857143 0.13106796116504854