0 0.45863309352517984 0.775 0.06115107913669065 0.10454545454545454
8 0.3363309352517986 0.825 0.06115107913669065 0.10909090909090909
8 0.27697841726618705 0.8522727272727273 0.06474820143884892 0.10909090909090909
4 0.935251798561151 0.5772727272727273 0.05755395683453238 0.1
9 0.8669064748201439 0.6068181818181818 0.06474820143884892 0.10454545454545454
9 0.6780575539568345 0.6840909090909091 0.06474820143884892 0.10909090909090909
7 0.2068345323741007 0.875 0.06115107913669065 0.11363636363636363
9 0.7410071942446043 0.6590909090909091 0.0683453237410072 0.10909090909090909
8 0.5215827338129496 0.75 0.0683453237410072 0.10454545454545454
8 0.39748201438848924 0.8 0.06474820143884892 0.10454545454545454
1 0.6187050359712231 0.7068181818181818 0.05755395683453238 0.10454545454545454
9 0.09352517985611511 0.925 0.06474820143884892 0.10454545454545454
2 0.8096043165467626 0.6422272727272726 0.0793525179856115 0.1164090909090909