2 0.8522458628841607 0.6654411764705882 0.04964539007092199 0.21323529411764705
8 0.7364066193853428 0.6617647058823529 0.04728132387706856 0.20588235294117646
8 0.566193853427896 0.6691176470588235 0.04728132387706856 0.20588235294117646
0 0.24468085106382978 0.6544117647058824 0.04964539007092199 0.20588235294117646
0 0.1867612293144208 0.6507352941176471 0.05200945626477541 0.20588235294117646
0 0.30141843971631205 0.6580882352941176 0.04964539007092199 0.20588235294117646
0 0.7955082742316785 0.6617647058823529 0.04964539007092199 0.19852941176470587
4 0.46808510638297873 0.6727941176470589 0.04728132387706856 0.21323529411764705
3 0.35815602836879434 0.6617647058823529 0.04964539007092199 0.20588235294117646
9 0.624113475177305 0.6654411764705882 0.04728132387706856 0.20588235294117646
5 0.4101654846335697 0.6691176470588235 0.04728132387706856 0.20588235294117646
1 0.6773049645390071 0.6691176470588235 0.04018912529550828 0.19852941176470587
2 0.06283687943262412 0.6445588235294117 0.05203309692671395 0.21551470588235294