2 0.43333333333333335 0.8607954545454546 0.06 0.1534090909090909
5 0.36666666666666664 0.8607954545454546 0.056666666666666664 0.1534090909090909
0 0.605 0.8551136363636364 0.056666666666666664 0.1534090909090909
0 0.23833333333333334 0.8636363636363636 0.06 0.1534090909090909
0 0.17166666666666666 0.8636363636363636 0.06 0.1534090909090909
4 0.9166666666666666 0.8494318181818182 0.05333333333333334 0.14772727272727273
8 0.73 0.8551136363636364 0.056666666666666664 0.1534090909090909
0 0.7933333333333333 0.8522727272727273 0.056666666666666664 0.1534090909090909
0 0.6666666666666666 0.8522727272727273 0.056666666666666664 0.1534090909090909
4 0.04 0.8664772727272727 0.056666666666666664 0.1534090909090909
6 0.30333333333333334 0.8636363636363636 0.06 0.1534090909090909
6 0.855 0.8522727272727273 0.056666666666666664 0.1534090909090909
1 0.49833333333333335 0.8607954545454546 0.05 0.14772727272727273