5 0.6651376146788991 0.8461538461538461 0.045871559633027525 0.24615384615384617
6 0.4541284403669725 0.8461538461538461 0.045871559633027525 0.24615384615384617
9 0.33715596330275227 0.8384615384615385 0.045871559633027525 0.24615384615384617
4 0.6100917431192661 0.8461538461538461 0.045871559633027525 0.24615384615384617
0 0.22477064220183487 0.8384615384615385 0.045871559633027525 0.24615384615384617
0 0.16743119266055045 0.8307692307692308 0.045871559633027525 0.24615384615384617
5 0.5504587155963303 0.8461538461538461 0.045871559633027525 0.24615384615384617
0 0.7247706422018348 0.8384615384615385 0.05045871559633028 0.24615384615384617
6 0.841743119266055 0.8538461538461538 0.045871559633027525 0.24615384615384617
1 0.28440366972477066 0.8461538461538461 0.04128440366972477 0.24615384615384617
1 0.786697247706422 0.8461538461538461 0.04128440366972477 0.24615384615384617
5 0.3944954128440367 0.8384615384615385 0.045871559633027525 0.24615384615384617
4 0.05045871559633028 0.8461538461538461 0.045871559633027525 0.24615384615384617