4 0.42280701754385963 0.8405172413793104 0.05263157894736842 0.1810344827586207
4 0.06315789473684211 0.8146551724137931 0.05263157894736842 0.1896551724137931
3 0.5912280701754385 0.8491379310344828 0.05263157894736842 0.1810344827586207
0 0.48596491228070177 0.8405172413793104 0.04912280701754386 0.1810344827586207
2 0.2982456140350877 0.8318965517241379 0.05263157894736842 0.1810344827586207
5 0.7736842105263158 0.8620689655172413 0.056140350877192984 0.1810344827586207
0 0.23508771929824562 0.8275862068965517 0.04912280701754386 0.1810344827586207
9 0.35964912280701755 0.8362068965517241 0.056140350877192984 0.1724137931034483
0 0.1736842105263158 0.8275862068965517 0.04912280701754386 0.1810344827586207
0 0.7140350877192982 0.8577586206896551 0.04912280701754386 0.1810344827586207
3 0.8982456140350877 0.8663793103448276 0.05263157894736842 0.1810344827586207
8 0.8368421052631579 0.8663793103448276 0.05263157894736842 0.1810344827586207
8 0.6526315789473685 0.853448275862069 0.05263157894736842 0.1810344827586207