8 0.05994550408719346 0.8151515151515152 0.04632152588555858 0.15757575757575756
8 0.4223433242506812 0.8090909090909091 0.043596730245231606 0.14545454545454545
0 0.5735694822888283 0.803030303030303 0.04632152588555858 0.14545454545454545
0 0.1893732970027248 0.8121212121212121 0.043596730245231606 0.14545454545454545
3 0.7479564032697548 0.8 0.043596730245231606 0.15151515151515152
0 0.24795640326975477 0.8090909090909091 0.043596730245231606 0.14545454545454545
0 0.4822888283378747 0.803030303030303 0.043596730245231606 0.14545454545454545
0 0.6893732970027248 0.803030303030303 0.04632152588555858 0.14545454545454545
5 0.8065395095367848 0.796969696969697 0.043596730245231606 0.14545454545454545
3 0.30517711171662126 0.8090909090909091 0.043596730245231606 0.14545454545454545
3 0.6321525885558583 0.803030303030303 0.043596730245231606 0.14545454545454545
9 0.8635967302452316 0.7947272727272727 0.046021798365122615 0.14096969696969697
9 0.3637602179836512 0.8090909090909091 0.043596730245231606 0.14545454545454545