2 0.35638297872340424 0.9233576642335767 0.04964539007092199 0.15328467153284672
8 0.06560283687943262 0.9014598540145985 0.0425531914893617 0.15328467153284672
6 0.7163120567375887 0.8978102189781022 0.04964539007092199 0.16058394160583941
0 0.17553191489361702 0.9124087591240876 0.04609929078014184 0.15328467153284672
5 0.29609929078014185 0.9233576642335767 0.04964539007092199 0.145985401459854
0 0.6542553191489362 0.9051094890510949 0.05319148936170213 0.16058394160583941
0 0.48226950354609927 0.9197080291970803 0.05319148936170213 0.16058394160583941
0 0.41843971631205673 0.9233576642335767 0.05319148936170213 0.15328467153284672
0 0.23404255319148937 0.9197080291970803 0.04964539007092199 0.145985401459854
0 0.5921985815602837 0.9124087591240876 0.05319148936170213 0.16058394160583941
3 0.774822695035461 0.8795620437956204 0.04964539007092199 0.16058394160583941
4 0.8812056737588653 0.8540145985401459 0.03900709219858156 0.15328467153284672
0 0.8297872340425532 0.8686131386861314 0.04609929078014184 0.16058394160583941