0 0.8848920863309353 0.8493589743589743 0.050359712230215826 0.14743589743589744
0 0.18345323741007194 0.8653846153846154 0.050359712230215826 0.15384615384615385
0 0.6492805755395683 0.8557692307692307 0.050359712230215826 0.14743589743589744
0 0.24640287769784172 0.8653846153846154 0.050359712230215826 0.15384615384615385
0 0.5899280575539568 0.8557692307692307 0.050359712230215826 0.14743589743589744
2 0.7679856115107914 0.8525641025641025 0.050359712230215826 0.14743589743589744
4 0.7086330935251799 0.8557692307692307 0.046762589928057555 0.1346153846153846
4 0.3669064748201439 0.8621794871794872 0.046762589928057555 0.14743589743589744
5 0.48741007194244607 0.8621794871794872 0.050359712230215826 0.14743589743589744
4 0.05935251798561151 0.8621794871794872 0.050359712230215826 0.15384615384615385
8 0.8273381294964028 0.8557692307692307 0.046762589928057555 0.14743589743589744
5 0.42805755395683454 0.8621794871794872 0.050359712230215826 0.14743589743589744
8 0.30755395683453235 0.8653846153846154 0.050359712230215826 0.15384615384615385