0 0.16532258064516128 0.88 0.04838709677419355 0.12
0 0.4536290322580645 0.8866666666666667 0.04838709677419355 0.12
4 0.04838709677419355 0.88 0.04435483870967742 0.12
4 0.3387096774193548 0.8866666666666667 0.04838709677419355 0.12
0 0.28024193548387094 0.8833333333333333 0.04838709677419355 0.12
0 0.5524193548387096 0.89 0.04838709677419355 0.12
0 0.3971774193548387 0.8866666666666667 0.04838709677419355 0.12
0 0.22379032258064516 0.8833333333333333 0.04838709677419355 0.12
4 0.7862903225806451 0.8966666666666666 0.04838709677419355 0.12
7 0.6713709677419355 0.8933333333333333 0.05241935483870968 0.12
7 0.844758064516129 0.8966666666666666 0.04838709677419355 0.12
3 0.6129032258064516 0.8933333333333333 0.05241935483870968 0.12666666666666668
9 0.7278225806451613 0.8933333333333333 0.05241935483870968 0.12