8 0.3786610878661088 0.8289473684210527 0.0502092050209205 0.16666666666666666
0 0.8702928870292888 0.8596491228070176 0.05439330543933055 0.16666666666666666
2 0.8075313807531381 0.868421052631579 0.05439330543933055 0.17543859649122806
2 0.3200836820083682 0.8114035087719298 0.0502092050209205 0.17543859649122806
0 0.5502092050209205 0.8552631578947368 0.05439330543933055 0.17543859649122806
6 0.6799163179916318 0.8728070175438597 0.058577405857740586 0.16666666666666666
8 0.2615062761506276 0.793859649122807 0.04602510460251046 0.16666666666666666
0 0.7447698744769874 0.868421052631579 0.058577405857740586 0.16666666666666666
5 0.6150627615062761 0.8640350877192983 0.0502092050209205 0.17543859649122806
7 0.44142259414225943 0.8377192982456141 0.05439330543933055 0.17543859649122806
0 0.20502092050209206 0.7675438596491229 0.04602510460251046 0.16666666666666666
0 0.1506276150627615 0.75 0.04602510460251046 0.16666666666666666
4 0.056485355648535567 0.7017543859649122 0.04184100418410042 0.16666666666666666