6 0.8897435897435897 0.6900369003690037 0.10256410256410256 0.055350553505535055
0 0.8923076923076924 0.46863468634686345 0.10256410256410256 0.04797047970479705
0 0.8897435897435897 0.8136531365313653 0.10256410256410256 0.05166051660516605
0 0.8923076923076924 0.4059040590405904 0.10256410256410256 0.05166051660516605
0 0.8897435897435897 0.7527675276752768 0.10256410256410256 0.05166051660516605
2 0.8871794871794871 0.5682656826568265 0.10256410256410256 0.04797047970479705
0 0.8871794871794871 0.8726937269372693 0.1076923076923077 0.05166051660516605
0 0.8897435897435897 0.6291512915129152 0.10256410256410256 0.05166051660516605
3 0.8923076923076924 0.2785977859778598 0.10256410256410256 0.04428044280442804
2 0.8948717948717949 0.34317343173431736 0.1076923076923077 0.04797047970479705
3 0.8948717948717949 0.14944649446494465 0.10256410256410256 0.04797047970479705
2 0.9066153846153846 0.21346863468634686 0.11861538461538461 0.055793357933579334
4 0.8896923076923078 0.9486346863468634 0.10415384615384615 0.044095940959409594