2 0.1814516129032258 0.9116379310344828 0.16129032258064516 0.05603448275862069
8 0.15725806451612903 0.44612068965517243 0.16129032258064516 0.05172413793103448
0 0.14919354838709678 0.1961206896551724 0.16129032258064516 0.05603448275862069
3 0.18870967741935482 0.8542672413793103 0.15911290322580646 0.05284482758620689
9 0.19080645161290322 0.7916810344827586 0.16338709677419355 0.05099137931034483
4 0.1857258064516129 0.7331465517241379 0.1735483870967742 0.05004310344827586
0 0.1814516129032258 0.6678448275862069 0.1650806451612903 0.05362068965517241
1 0.17725806451612905 0.6120258620689656 0.15653225806451612 0.04724137931034483
0 0.16999999999999998 0.5070258620689655 0.16249999999999998 0.062155172413793106
6 0.16532258064516128 0.38004310344827585 0.1803225806451613 0.06206896551724138
7 0.15895161290322582 0.31745689655172415 0.16758064516129034 0.060215517241379315
0 0.16532258064516128 0.2534913793103448 0.1803225806451613 0.05202586206896552
4 0.14629032258064517 0.06935344827586207 0.17604838709677417 0.057327586206896555