8 0.30401234567901236 0.9219512195121952 0.04938271604938271 0.11219512195121951
8 0.4166666666666667 0.9219512195121952 0.046296296296296294 0.11219512195121951
8 0.7361111111111112 0.9170731707317074 0.046296296296296294 0.11219512195121951
0 0.1882716049382716 0.9219512195121952 0.04938271604938271 0.11707317073170732
4 0.07253086419753087 0.926829268292683 0.04938271604938271 0.11707317073170732
0 0.24691358024691357 0.9219512195121952 0.04938271604938271 0.11219512195121951
1 0.6820987654320988 0.9170731707317074 0.040123456790123455 0.1073170731707317
7 0.3611111111111111 0.9219512195121952 0.046296296296296294 0.11219512195121951
9 0.4737654320987654 0.9195121951219513 0.046296296296296294 0.11219512195121951
0 0.5694444444444444 0.9170731707317074 0.046296296296296294 0.11219512195121951
4 0.625 0.9170731707317074 0.046296296296296294 0.11219512195121951
7 0.7932098765432098 0.9146341463414634 0.046296296296296294 0.11707317073170732
6 0.845679012345679 0.9146341463414634 0.046296296296296294 0.11219512195121951