8 0.6943521594684385 0.8938053097345132 0.04983388704318937 0.09734513274336283
2 0.48006644518272423 0.8938053097345132 0.04983388704318937 0.09734513274336283
3 0.4219269102990033 0.8915929203539823 0.053156146179401995 0.10176991150442478
5 0.7508305647840532 0.8938053097345132 0.04983388704318937 0.10176991150442478
0 0.24584717607973422 0.8915929203539823 0.04983388704318937 0.09734513274336283
0 0.18604651162790697 0.8915929203539823 0.04983388704318937 0.09734513274336283
4 0.0681063122923588 0.8938053097345132 0.04983388704318937 0.10176991150442478
3 0.8687707641196013 0.8938053097345132 0.04983388704318937 0.10176991150442478
0 0.5780730897009967 0.8915929203539823 0.04983388704318937 0.09734513274336283
1 0.3073089700996678 0.8938053097345132 0.046511627906976744 0.09734513274336283
4 0.36212624584717606 0.8938053097345132 0.04983388704318937 0.10176991150442478
7 0.6362126245847176 0.8938053097345132 0.04983388704318937 0.10176991150442478
3 0.8106312292358804 0.8938053097345132 0.04983388704318937 0.10176991150442478