3 0.5738255033557047 0.78 0.053691275167785234 0.192
0 0.2701342281879195 0.792 0.050335570469798654 0.184
3 0.3976510067114094 0.788 0.053691275167785234 0.192
4 0.6375838926174496 0.784 0.050335570469798654 0.192
0 0.6996644295302014 0.784 0.053691275167785234 0.184
3 0.7634228187919463 0.78 0.053691275167785234 0.2
9 0.3338926174496644 0.792 0.053691275167785234 0.184
7 0.1476510067114094 0.796 0.050335570469798654 0.192
1 0.21140939597315436 0.796 0.04697986577181208 0.192
4 0.04194630872483222 0.8 0.04697986577181208 0.176
7 0.4597315436241611 0.788 0.050335570469798654 0.2
5 0.8859060402684564 0.784 0.050335570469798654 0.192
6 0.825503355704698 0.784 0.050335570469798654 0.2