2 0.8359073359073359 0.8810679611650486 0.05405405405405406 0.10679611650485436
8 0.2857142857142857 0.8956310679611651 0.05405405405405406 0.0970873786407767
8 0.584942084942085 0.9029126213592233 0.05791505791505792 0.10194174757281553
3 0.41505791505791506 0.9029126213592233 0.05405405405405406 0.10679611650485436
0 0.7760617760617761 0.8859223300970874 0.05791505791505792 0.10194174757281553
9 0.34942084942084944 0.9004854368932039 0.05405405405405406 0.0970873786407767
4 0.4768339768339768 0.9077669902912622 0.05405405405405406 0.10194174757281553
0 0.7142857142857143 0.8932038834951457 0.05405405405405406 0.10194174757281553
0 0.22586872586872586 0.8883495145631068 0.05405405405405406 0.0970873786407767
1 0.8957528957528957 0.8689320388349514 0.04633204633204633 0.0970873786407767
0 0.16602316602316602 0.8810679611650486 0.05019305019305019 0.10194174757281553
9 0.6505791505791506 0.9004854368932039 0.05405405405405406 0.10194174757281553
4 0.06177606177606178 0.8592233009708737 0.04633204633204633 0.0970873786407767