2 0.6724137931034483 0.8903061224489796 0.04980842911877394 0.10204081632653061
2 0.46934865900383144 0.8903061224489796 0.04980842911877394 0.10204081632653061
0 0.2471264367816092 0.8928571428571429 0.04980842911877394 0.10714285714285714
4 0.7260536398467433 0.8877551020408163 0.04597701149425287 0.10204081632653061
0 0.5613026819923371 0.8903061224489796 0.04980842911877394 0.10714285714285714
0 0.1896551724137931 0.8928571428571429 0.04980842911877394 0.10714285714285714
0 0.3007662835249042 0.8903061224489796 0.04980842911877394 0.10714285714285714
0 0.6168582375478927 0.8903061224489796 0.04980842911877394 0.10714285714285714
9 0.7816091954022989 0.8877551020408163 0.04980842911877394 0.10714285714285714
4 0.07471264367816093 0.8928571428571429 0.04980842911877394 0.10714285714285714
6 0.8371647509578544 0.8877551020408163 0.04980842911877394 0.10714285714285714
4 0.3563218390804598 0.8903061224489796 0.04597701149425287 0.10204081632653061
9 0.4118773946360153 0.8903061224489796 0.05363984674329502 0.10204081632653061