3 0.4073482428115016 0.8829113924050633 0.06389776357827476 0.17088607594936708
3 0.28594249201277955 0.8765822784810127 0.06389776357827476 0.17088607594936708
2 0.7587859424920128 0.8734177215189873 0.05750798722044728 0.16455696202531644
0 0.22364217252396165 0.870253164556962 0.05750798722044728 0.16455696202531644
1 0.6389776357827476 0.879746835443038 0.051118210862619806 0.15822784810126583
7 0.5798722044728435 0.879746835443038 0.06389776357827476 0.17088607594936708
0 0.6996805111821086 0.8765822784810127 0.05750798722044728 0.16455696202531644
0 0.16134185303514376 0.8670886075949367 0.05750798722044728 0.16455696202531644
7 0.34824281150159747 0.8765822784810127 0.05750798722044728 0.16455696202531644
5 0.8769968051118211 0.8670886075949367 0.05750798722044728 0.16455696202531644
4 0.039936102236421724 0.8575949367088608 0.05750798722044728 0.17088607594936708
0 0.4728434504792332 0.8860759493670886 0.06070287539936102 0.15822784810126583
9 0.8178913738019169 0.870253164556962 0.054313099041533544 0.16455696202531644