6 0.8937007874015748 0.3917525773195876 0.12598425196850394 0.061855670103092786
2 0.8622047244094488 0.7216494845360825 0.12598425196850394 0.05670103092783505
4 0.9094488188976378 0.2036082474226804 0.12598425196850394 0.05670103092783505
0 0.8503937007874016 0.8427835051546392 0.12598425196850394 0.05670103092783505
2 0.9015748031496063 0.2654639175257732 0.12598425196850394 0.05670103092783505
4 0.8740157480314961 0.6030927835051546 0.12598425196850394 0.05670103092783505
9 0.8700787401574803 0.6623711340206185 0.12598425196850394 0.05670103092783505
0 0.8582677165354331 0.7835051546391752 0.12598425196850394 0.05670103092783505
3 0.8976377952755905 0.3247422680412371 0.13385826771653545 0.061855670103092786
4 0.8437007874015748 0.9391752577319588 0.11740157480314961 0.05670103092783505
0 0.8818897637795275 0.5412371134020618 0.12598425196850394 0.05670103092783505
4 0.9151181102362205 0.13479381443298968 0.12251968503937008 0.061855670103092786
1 0.8858267716535433 0.4536082474226804 0.12598425196850394 0.041237113402061855