0 0.8802816901408451 0.5044052863436124 0.1267605633802817 0.05726872246696035
4 0.8943661971830986 0.07709251101321586 0.11971830985915492 0.05286343612334802
0 0.8802816901408451 0.5682819383259912 0.1267605633802817 0.05726872246696035
0 0.8943661971830986 0.14317180616740088 0.1267605633802817 0.05726872246696035
0 0.8767605633802817 0.7555066079295154 0.13380281690140844 0.05726872246696035
1 0.8838028169014085 0.33259911894273125 0.1267605633802817 0.04405286343612335
0 0.8767605633802817 0.8171806167400881 0.1267605633802817 0.05726872246696035
4 0.8744366197183099 0.9450220264317181 0.12577464788732393 0.05797356828193833
5 0.8846478873239437 0.6913656387665198 0.14056338028169016 0.054273127753303965
5 0.8754929577464788 0.6301321585903084 0.14478873239436618 0.062158590308370044
3 0.8881690140845071 0.39211453744493396 0.1476056338028169 0.05806167400881057
0 0.8948591549295775 0.26484581497797355 0.12718309859154928 0.057092511013215864
1 0.8987323943661972 0.1994273127753304 0.14056338028169016 0.042555066079295156