8 0.2717391304347826 0.8689839572192514 0.043478260869565216 0.12299465240641712
3 0.453416149068323 0.8743315508021391 0.046583850931677016 0.11764705882352941
4 0.672360248447205 0.8770053475935828 0.046583850931677016 0.11764705882352941
0 0.14906832298136646 0.8663101604278075 0.049689440993788817 0.12299465240641712
8 0.5512422360248447 0.8743315508021391 0.043478260869565216 0.11764705882352941
0 0.2111801242236025 0.8663101604278075 0.049689440993788817 0.12299465240641712
4 0.049689440993788817 0.8663101604278075 0.046583850931677016 0.11229946524064172
1 0.6133540372670807 0.8743315508021391 0.043478260869565216 0.12299465240641712
9 0.33229813664596275 0.8716577540106952 0.046583850931677016 0.12299465240641712
4 0.734472049689441 0.8770053475935828 0.046583850931677016 0.11764705882352941
1 0.7981366459627329 0.8796791443850267 0.040372670807453416 0.11764705882352941
1 0.39285714285714285 0.8716577540106952 0.040372670807453416 0.11764705882352941
3 0.860248447204969 0.8823529411764706 0.049689440993788817 0.12299465240641712