3 0.054901960784313725 0.8993506493506493 0.054901960784313725 0.11688311688311688
3 0.611764705882353 0.8668831168831169 0.047058823529411764 0.11688311688311688
4 0.7627450980392156 0.8571428571428571 0.047058823529411764 0.1038961038961039
5 0.21372549019607842 0.8896103896103896 0.054901960784313725 0.11038961038961038
0 0.7137254901960784 0.8603896103896104 0.047058823529411764 0.11038961038961038
0 0.46862745098039216 0.8766233766233766 0.047058823529411764 0.11038961038961038
9 0.2647058823529412 0.8896103896103896 0.047058823529411764 0.11688311688311688
5 0.36666666666666664 0.8798701298701299 0.050980392156862744 0.11038961038961038
7 0.8176470588235294 0.8571428571428571 0.047058823529411764 0.11038961038961038
6 0.5607843137254902 0.8701298701298701 0.047058823529411764 0.11038961038961038
8 0.4176470588235294 0.8798701298701299 0.047058823529411764 0.11038961038961038
8 0.3156862745098039 0.8863636363636364 0.047058823529411764 0.11038961038961038
0 0.6627450980392157 0.8636363636363636 0.047058823529411764 0.11038961038961038