4 0.7385496183206107 0.9060150375939849 0.04580152671755725 0.14285714285714285
0 0.18702290076335878 0.9135338345864662 0.04580152671755725 0.14285714285714285
2 0.683206106870229 0.9097744360902256 0.04580152671755725 0.15037593984962405
0 0.24427480916030533 0.9135338345864662 0.04961832061068702 0.14285714285714285
0 0.3015267175572519 0.9135338345864662 0.04961832061068702 0.14285714285714285
2 0.4713740458015267 0.9135338345864662 0.04580152671755725 0.15037593984962405
7 0.7938931297709924 0.9060150375939849 0.04580152671755725 0.15037593984962405
1 0.6297709923664122 0.9097744360902256 0.04198473282442748 0.14285714285714285
4 0.3568702290076336 0.9135338345864662 0.04580152671755725 0.14285714285714285
9 0.41412213740458015 0.9097744360902256 0.04961832061068702 0.15037593984962405
5 0.5687022900763359 0.9097744360902256 0.04580152671755725 0.15037593984962405
6 0.851145038167939 0.9060150375939849 0.04580152671755725 0.14285714285714285
4 0.07061068702290077 0.9210526315789473 0.04580152671755725 0.14285714285714285