2 0.4753694581280788 0.8843283582089553 0.06403940886699508 0.13432835820895522
2 0.6945812807881774 0.8880597014925373 0.059113300492610835 0.13432835820895522
0 0.2413793103448276 0.8805970149253731 0.054187192118226604 0.12686567164179105
2 0.35714285714285715 0.8805970149253731 0.059113300492610835 0.13432835820895522
0 0.812807881773399 0.8880597014925373 0.059113300492610835 0.12686567164179105
3 0.6354679802955665 0.8843283582089553 0.054187192118226604 0.13432835820895522
0 0.17733990147783252 0.8768656716417911 0.059113300492610835 0.12686567164179105
1 0.7536945812807881 0.8880597014925373 0.04433497536945813 0.11940298507462686
6 0.29802955665024633 0.8843283582089553 0.054187192118226604 0.12686567164179105
4 0.8719211822660099 0.8880597014925373 0.04926108374384237 0.12686567164179105
3 0.5763546798029556 0.8843283582089553 0.059113300492610835 0.13432835820895522
7 0.4187192118226601 0.8805970149253731 0.054187192118226604 0.12686567164179105
4 0.06157635467980296 0.8768656716417911 0.059113300492610835 0.13432835820895522