2 0.8962962962962963 0.9040404040404041 0.05555555555555555 0.1111111111111111
2 0.6555555555555556 0.898989898989899 0.05555555555555555 0.1111111111111111
2 0.07037037037037037 0.8888888888888888 0.05925925925925926 0.12121212121212122
2 0.4981481481481482 0.8964646464646465 0.05555555555555555 0.11616161616161616
0 0.19074074074074074 0.8888888888888888 0.05555555555555555 0.1111111111111111
4 0.7166666666666667 0.9015151515151515 0.05185185185185185 0.1111111111111111
1 0.6018518518518519 0.898989898989899 0.044444444444444446 0.10606060606060606
8 0.7759259259259259 0.9015151515151515 0.05185185185185185 0.1111111111111111
0 0.2537037037037037 0.8888888888888888 0.05555555555555555 0.1111111111111111
0 0.43703703703703706 0.8914141414141414 0.05555555555555555 0.1111111111111111
0 0.37407407407407406 0.8914141414141414 0.05555555555555555 0.1111111111111111
6 0.837037037037037 0.9040404040404041 0.05555555555555555 0.1111111111111111
7 0.3148148148148148 0.8914141414141414 0.05555555555555555 0.11616161616161616