0 0.19402985074626866 0.8017241379310345 0.05223880597014925 0.1810344827586207
0 0.2555970149253731 0.8060344827586207 0.055970149253731345 0.1810344827586207
4 0.06902985074626866 0.8103448275862069 0.055970149253731345 0.1896551724137931
3 0.43470149253731344 0.8060344827586207 0.055970149253731345 0.1810344827586207
2 0.375 0.8103448275862069 0.05223880597014925 0.1896551724137931
0 0.5951492537313433 0.8103448275862069 0.05223880597014925 0.1810344827586207
1 0.835820895522388 0.8146551724137931 0.048507462686567165 0.1724137931034483
5 0.7126865671641791 0.8146551724137931 0.05223880597014925 0.1810344827586207
1 0.6548507462686567 0.8146551724137931 0.04477611940298507 0.1724137931034483
7 0.4925373134328358 0.8103448275862069 0.055970149253731345 0.1810344827586207
4 0.8917910447761194 0.8189655172413793 0.05223880597014925 0.1896551724137931
4 0.7723880597014925 0.8146551724137931 0.05223880597014925 0.1810344827586207
7 0.31529850746268656 0.8103448275862069 0.055970149253731345 0.1896551724137931