2 0.870253164556962 0.6268115942028986 0.13291139240506328 0.050724637681159424
2 0.9018987341772152 0.411231884057971 0.13291139240506328 0.05434782608695652
6 0.8417721518987342 0.8460144927536232 0.12658227848101267 0.04710144927536232
0 0.9240506329113924 0.23007246376811594 0.13291139240506328 0.05434782608695652
0 0.930379746835443 0.16847826086956522 0.13291139240506328 0.05434782608695652
0 0.8765822784810127 0.5688405797101449 0.13291139240506328 0.050724637681159424
8 0.8924050632911392 0.47101449275362317 0.13291139240506328 0.050724637681159424
0 0.8449367088607594 0.7916666666666666 0.12658227848101267 0.04710144927536232
0 0.8544303797468354 0.7355072463768116 0.13291139240506328 0.050724637681159424
5 0.8607594936708861 0.6811594202898551 0.13291139240506328 0.050724637681159424
2 0.9082278481012658 0.35144927536231885 0.13291139240506328 0.050724637681159424
7 0.9177215189873418 0.2898550724637681 0.13924050632911392 0.05434782608695652
3 0.8312658227848101 0.9557246376811593 0.1349367088607595 0.05507246376811594