6 0.8972222222222223 0.15372670807453417 0.12777777777777777 0.055900621118012424
3 0.9 0.687888198757764 0.1388888888888889 0.055900621118012424
0 0.8972222222222223 0.39596273291925466 0.13333333333333333 0.052795031055900624
0 0.8972222222222223 0.5015527950310559 0.13333333333333333 0.055900621118012424
8 0.8972222222222223 0.27639751552795033 0.13333333333333333 0.055900621118012424
4 0.8972222222222223 0.33695652173913043 0.1388888888888889 0.052795031055900624
4 0.9 0.6257763975155279 0.13333333333333333 0.055900621118012424
9 0.8972222222222223 0.5636645962732919 0.13333333333333333 0.055900621118012424
0 0.9 0.75 0.1388888888888889 0.055900621118012424
0 0.9027777777777778 0.812111801242236 0.1388888888888889 0.055900621118012424
1 0.8972222222222223 0.09161490683229814 0.13333333333333333 0.046583850931677016
9 0.8972222222222223 0.21428571428571427 0.13333333333333333 0.052795031055900624
4 0.9055555555555556 0.9425465838509317 0.1388888888888889 0.055900621118012424