2 0.8399209486166008 0.7903225806451613 0.05138339920948617 0.21505376344086022
2 0.717391304347826 0.7903225806451613 0.05138339920948617 0.21505376344086022
0 0.18379446640316205 0.7849462365591398 0.05533596837944664 0.21505376344086022
6 0.7806324110671937 0.7849462365591398 0.05533596837944664 0.20430107526881722
0 0.3675889328063241 0.7849462365591398 0.05138339920948617 0.20430107526881722
8 0.9011857707509882 0.7903225806451613 0.05138339920948617 0.20430107526881722
4 0.05928853754940711 0.7903225806451613 0.05138339920948617 0.21505376344086022
1 0.2490118577075099 0.7903225806451613 0.04743083003952569 0.20430107526881722
1 0.308300395256917 0.7903225806451613 0.04743083003952569 0.20430107526881722
1 0.5988142292490118 0.7903225806451613 0.04743083003952569 0.20430107526881722
9 0.6561264822134387 0.7849462365591398 0.05533596837944664 0.21505376344086022
7 0.4901185770750988 0.7849462365591398 0.05533596837944664 0.21505376344086022
9 0.4288537549407115 0.7903225806451613 0.05533596837944664 0.20430107526881722