0 0.4605809128630705 0.9077380952380952 0.04979253112033195 0.13095238095238096
0 0.5705394190871369 0.9077380952380952 0.04979253112033195 0.125
2 0.8879668049792531 0.9226190476190477 0.04979253112033195 0.125
1 0.2095435684647303 0.9017857142857143 0.04564315352697095 0.13095238095238096
0 0.3962655601659751 0.9047619047619048 0.05394190871369295 0.13095238095238096
8 0.8236514522821576 0.9166666666666666 0.04979253112033195 0.125
4 0.33195020746887965 0.9047619047619048 0.04564315352697095 0.13095238095238096
0 0.13900414937759337 0.9107142857142857 0.05394190871369295 0.11904761904761904
0 0.2697095435684647 0.9047619047619048 0.05394190871369295 0.13095238095238096
6 0.6327800829875518 0.9126190476190476 0.04979253112033195 0.12720238095238096
8 0.6970954356846473 0.9136904761904762 0.04979253112033195 0.125
4 0.7593360995850622 0.9136904761904762 0.04564315352697095 0.11904761904761904
7 0.01867219917012448 0.8928571428571429 0.03734439834024896 0.11904761904761904