8 0.06086956521739131 0.805921052631579 0.0463768115942029 0.1513157894736842
0 0.18985507246376812 0.8026315789473685 0.043478260869565216 0.14473684210526316
0 0.24782608695652175 0.7993421052631579 0.043478260869565216 0.14473684210526316
3 0.7594202898550725 0.7960526315789473 0.043478260869565216 0.14473684210526316
0 0.48695652173913045 0.7960526315789473 0.043478260869565216 0.14473684210526316
0 0.7014492753623188 0.7960526315789473 0.043478260869565216 0.14473684210526316
5 0.8217391304347826 0.7960526315789473 0.043478260869565216 0.14473684210526316
3 0.6420289855072464 0.7993421052631579 0.0463768115942029 0.1513157894736842
3 0.3072463768115942 0.7993421052631579 0.0463768115942029 0.1513157894736842
8 0.427536231884058 0.7993421052631579 0.043478260869565216 0.1513157894736842
0 0.5811594202898551 0.7960526315789473 0.043478260869565216 0.14473684210526316
9 0.8782608695652174 0.7960526315789473 0.043478260869565216 0.14473684210526316
9 0.36666666666666664 0.7993421052631579 0.043478260869565216 0.14473684210526316