3 0.8050847457627118 0.8861386138613861 0.05084745762711865 0.13861386138613863
0 0.1807909604519774 0.900990099009901 0.05084745762711865 0.13861386138613863
0 0.632768361581921 0.8910891089108911 0.05649717514124294 0.13861386138613863
0 0.2401129943502825 0.900990099009901 0.05649717514124294 0.13861386138613863
3 0.748587570621469 0.8861386138613861 0.05084745762711865 0.13861386138613863
0 0.5734463276836158 0.8910891089108911 0.05084745762711865 0.13861386138613863
5 0.8615819209039548 0.8861386138613861 0.04519774011299435 0.1485148514851485
3 0.4745762711864407 0.8960396039603961 0.05084745762711865 0.1485148514851485
1 0.6949152542372882 0.8861386138613861 0.04519774011299435 0.13861386138613863
6 0.3615819209039548 0.900990099009901 0.05084745762711865 0.13861386138613863
4 0.05649717514124294 0.905940594059406 0.05084745762711865 0.13861386138613863
1 0.307909604519774 0.8960396039603961 0.03954802259887006 0.12871287128712872
8 0.4152542372881356 0.900990099009901 0.05084745762711865 0.13861386138613863