2 0.1054421768707483 0.7291666666666666 0.05442176870748299 0.2222222222222222
0 0.21768707482993196 0.7430555555555556 0.047619047619047616 0.20833333333333334
3 0.2755102040816326 0.7569444444444444 0.047619047619047616 0.20833333333333334
0 0.5714285714285714 0.7916666666666666 0.047619047619047616 0.20833333333333334
3 0.4421768707482993 0.7708333333333334 0.047619047619047616 0.20833333333333334
3 0.3877551020408163 0.7638888888888888 0.047619047619047616 0.20833333333333334
6 0.3299319727891156 0.7638888888888888 0.047619047619047616 0.20833333333333334
3 0.1598639455782313 0.7430555555555556 0.047619047619047616 0.20833333333333334
0 0.6394557823129252 0.8055555555555556 0.05442176870748299 0.20833333333333334
6 0.7074829931972789 0.8125 0.047619047619047616 0.2222222222222222
9 0.8877551020408163 0.8541666666666666 0.047619047619047616 0.20833333333333334
6 0.7687074829931972 0.8263888888888888 0.047619047619047616 0.2222222222222222
3 0.826530612244898 0.8472222222222222 0.047619047619047616 0.2222222222222222