3 0.5168918918918919 0.87109375 0.05067567567567568 0.1640625
8 0.606418918918919 0.8671875 0.05067567567567568 0.1640625
3 0.4577702702702703 0.87109375 0.05067567567567568 0.1640625
4 0.6638513513513513 0.87109375 0.0472972972972973 0.15625
4 0.12837837837837837 0.8828125 0.05405405405405406 0.1640625
1 0.34290540540540543 0.875 0.04391891891891892 0.15625
1 0.8378378378378378 0.8671875 0.04391891891891892 0.15625
0 0.22466216216216217 0.875 0.05405405405405406 0.1640625
0 0.28378378378378377 0.87890625 0.05405405405405406 0.1640625
1 0.39864864864864863 0.875 0.04391891891891892 0.15625
8 0.722972972972973 0.8671875 0.0472972972972973 0.1640625
9 0.8952702702702703 0.86328125 0.05405405405405406 0.1640625
6 0.7804054054054054 0.8671875 0.05067567567567568 0.1640625