8 0.7729007633587787 0.886986301369863 0.04961832061068702 0.136986301369863
3 0.6545801526717557 0.886986301369863 0.04961832061068702 0.136986301369863
3 0.4904580152671756 0.886986301369863 0.05343511450381679 0.136986301369863
4 0.42938931297709926 0.8904109589041096 0.04961832061068702 0.136986301369863
3 0.8931297709923665 0.886986301369863 0.05343511450381679 0.14383561643835616
4 0.06297709923664122 0.886986301369863 0.04961832061068702 0.136986301369863
0 0.18702290076335878 0.8835616438356164 0.04961832061068702 0.136986301369863
3 0.3110687022900763 0.886986301369863 0.05343511450381679 0.14383561643835616
0 0.5935114503816794 0.886986301369863 0.04961832061068702 0.136986301369863
0 0.7137404580152672 0.886986301369863 0.04961832061068702 0.136986301369863
1 0.37213740458015265 0.8904109589041096 0.04580152671755725 0.13013698630136986
0 0.2480916030534351 0.886986301369863 0.05343511450381679 0.136986301369863
9 0.833969465648855 0.886986301369863 0.04961832061068702 0.136986301369863