2 0.8607594936708861 0.9018987341772152 0.046413502109704644 0.12025316455696203
8 0.8016877637130801 0.9018987341772152 0.05063291139240506 0.11392405063291139
6 0.17088607594936708 0.9272151898734177 0.05063291139240506 0.11392405063291139
6 0.620253164556962 0.9082278481012658 0.046413502109704644 0.11392405063291139
0 0.5611814345991561 0.9082278481012658 0.05063291139240506 0.11392405063291139
4 0.3438818565400844 0.9208860759493671 0.046413502109704644 0.10759493670886076
0 0.2848101265822785 0.9208860759493671 0.046413502109704644 0.11392405063291139
8 0.6814345991561181 0.9082278481012658 0.046413502109704644 0.11392405063291139
0 0.459915611814346 0.9145569620253164 0.046413502109704644 0.11392405063291139
0 0.4008438818565401 0.9145569620253164 0.05063291139240506 0.11392405063291139
4 0.740506329113924 0.9050632911392406 0.046413502109704644 0.11392405063291139
1 0.229957805907173 0.9240506329113924 0.04219409282700422 0.10759493670886076
7 0.052742616033755275 0.930379746835443 0.05063291139240506 0.11392405063291139