3 0.8811659192825112 0.8922155688622755 0.04932735426008968 0.09580838323353294
0 0.1905829596412556 0.8892215568862275 0.04484304932735426 0.09580838323353294
0 0.24887892376681614 0.8892215568862275 0.04932735426008968 0.09580838323353294
3 0.7645739910313901 0.8922155688622755 0.04932735426008968 0.10179640718562874
3 0.3071748878923767 0.8892215568862275 0.04932735426008968 0.10179640718562874
6 0.4260089686098655 0.8892215568862275 0.04932735426008968 0.09580838323353294
0 0.7062780269058296 0.8892215568862275 0.04484304932735426 0.10179640718562874
0 0.6457399103139013 0.8892215568862275 0.04932735426008968 0.09580838323353294
7 0.8251121076233184 0.8922155688622755 0.04932735426008968 0.10179640718562874
7 0.36995515695067266 0.8892215568862275 0.04932735426008968 0.09580838323353294
7 0.5874439461883408 0.8892215568862275 0.04932735426008968 0.09580838323353294
4 0.08071748878923767 0.8892215568862275 0.04484304932735426 0.09580838323353294
4 0.484304932735426 0.8862275449101796 0.04484304932735426 0.09580838323353294