0 0.24080882352941177 0.8936651583710408 0.05514705882352941 0.09502262443438914
0 0.18382352941176472 0.8936651583710408 0.051470588235294115 0.09049773755656108
0 0.5643382352941176 0.8959276018099548 0.051470588235294115 0.09049773755656108
4 0.06985294117647059 0.8981900452488688 0.05514705882352941 0.09049773755656108
7 0.2977941176470588 0.8936651583710408 0.051470588235294115 0.09502262443438914
7 0.6783088235294118 0.8959276018099548 0.05514705882352941 0.09954751131221719
4 0.7352941176470589 0.8981900452488688 0.051470588235294115 0.09049773755656108
6 0.6231617647058824 0.8959276018099548 0.05514705882352941 0.09502262443438914
8 0.4632352941176471 0.8959276018099548 0.051470588235294115 0.09502262443438914
9 0.35294117647058826 0.8959276018099548 0.05514705882352941 0.09502262443438914
8 0.40808823529411764 0.8959276018099548 0.04779411764705882 0.09502262443438914
9 0.8455882352941176 0.8981900452488688 0.05514705882352941 0.09502262443438914
8 0.7886029411764706 0.8981900452488688 0.051470588235294115 0.09502262443438914