2 0.5974025974025974 0.8155339805825242 0.05627705627705628 0.18446601941747573
6 0.7186147186147186 0.8155339805825242 0.05627705627705628 0.18446601941747573
5 0.7792207792207793 0.8106796116504854 0.05194805194805195 0.18446601941747573
8 0.30952380952380953 0.8252427184466019 0.05627705627705628 0.18446601941747573
6 0.4329004329004329 0.8252427184466019 0.05627705627705628 0.18446601941747573
0 0.18614718614718614 0.8252427184466019 0.05627705627705628 0.1941747572815534
6 0.4935064935064935 0.8203883495145631 0.05627705627705628 0.18446601941747573
0 0.24675324675324675 0.8252427184466019 0.05627705627705628 0.1941747572815534
0 0.658008658008658 0.8155339805825242 0.05627705627705628 0.1941747572815534
4 0.05844155844155844 0.8300970873786407 0.05627705627705628 0.1941747572815534
6 0.3722943722943723 0.8252427184466019 0.05627705627705628 0.18446601941747573
0 0.8398268398268398 0.8106796116504854 0.05627705627705628 0.18446601941747573
3 0.9004329004329005 0.8106796116504854 0.05627705627705628 0.1941747572815534