0 0.784 0.831081081081081 0.052 0.12837837837837837
5 0.73 0.8344594594594594 0.052 0.12837837837837837
0 0.624 0.831081081081081 0.048 0.12837837837837837
0 0.25 0.831081081081081 0.052 0.12837837837837837
2 0.468 0.8344594594594594 0.048 0.12837837837837837
0 0.306 0.8344594594594594 0.052 0.12837837837837837
0 0.196 0.8344594594594594 0.048 0.12837837837837837
1 0.836 0.8344594594594594 0.04 0.12162162162162163
0 0.414 0.8344594594594594 0.048 0.12837837837837837
4 0.676 0.831081081081081 0.048 0.12162162162162163
6 0.36 0.8378378378378378 0.052 0.12162162162162163
0 0.568 0.831081081081081 0.048 0.12837837837837837
4 0.078 0.8344594594594594 0.052 0.13513513513513514