2 0.7083333333333334 0.8846153846153846 0.05128205128205128 0.125
2 0.5897435897435898 0.8846153846153846 0.057692307692307696 0.125
6 0.8301282051282052 0.8798076923076923 0.05128205128205128 0.125
2 0.36538461538461536 0.8894230769230769 0.057692307692307696 0.125
2 0.483974358974359 0.8894230769230769 0.057692307692307696 0.125
3 0.6474358974358975 0.8846153846153846 0.05128205128205128 0.125
6 0.30448717948717946 0.8894230769230769 0.05128205128205128 0.11538461538461539
0 0.24358974358974358 0.8894230769230769 0.05128205128205128 0.11538461538461539
0 0.18269230769230768 0.8942307692307693 0.05128205128205128 0.125
9 0.7692307692307693 0.8798076923076923 0.05128205128205128 0.125
7 0.42628205128205127 0.8894230769230769 0.05128205128205128 0.125
1 0.8878205128205128 0.8798076923076923 0.038461538461538464 0.11538461538461539
4 0.057692307692307696 0.8942307692307693 0.057692307692307696 0.125