3 0.47750865051903113 0.9338235294117647 0.04844290657439446 0.10294117647058823
0 0.2370242214532872 0.9362745098039216 0.05190311418685121 0.10294117647058823
5 0.8166089965397924 0.9313725490196079 0.04844290657439446 0.10294117647058823
1 0.29930795847750863 0.9362745098039216 0.04498269896193772 0.10294117647058823
0 0.17647058823529413 0.9387254901960784 0.04844290657439446 0.10294117647058823
0 0.5795847750865052 0.9313725490196079 0.04844290657439446 0.10294117647058823
4 0.05363321799307959 0.9436274509803921 0.04844290657439446 0.10294117647058823
0 0.8771626297577855 0.9313725490196079 0.05190311418685121 0.10294117647058823
1 0.4204152249134948 0.9362745098039216 0.04152249134948097 0.10294117647058823
0 0.6401384083044983 0.9264705882352942 0.04844290657439446 0.10294117647058823
6 0.759515570934256 0.9338235294117647 0.05190311418685121 0.09803921568627451
5 0.356401384083045 0.9387254901960784 0.04844290657439446 0.10784313725490197
7 0.698961937716263 0.928921568627451 0.04844290657439446 0.10294117647058823