2 0.766260162601626 0.8962765957446809 0.052845528455284556 0.10638297872340426
2 0.8252032520325203 0.8936170212765957 0.052845528455284556 0.10638297872340426
2 0.29878048780487804 0.9069148936170213 0.052845528455284556 0.10106382978723404
6 0.7052845528455285 0.898936170212766 0.056910569105691054 0.10638297872340426
1 0.6443089430894309 0.898936170212766 0.044715447154471545 0.10106382978723404
0 0.17479674796747968 0.9069148936170213 0.052845528455284556 0.10106382978723404
0 0.5853658536585366 0.898936170212766 0.056910569105691054 0.10106382978723404
0 0.23577235772357724 0.9069148936170213 0.052845528455284556 0.10106382978723404
4 0.056910569105691054 0.9122340425531915 0.052845528455284556 0.10638297872340426
4 0.4166666666666667 0.9042553191489362 0.04878048780487805 0.10106382978723404
4 0.35772357723577236 0.9042553191489362 0.04878048780487805 0.10106382978723404
8 0.47764227642276424 0.9042553191489362 0.052845528455284556 0.10106382978723404
9 0.8841463414634146 0.8936170212765957 0.052845528455284556 0.10638297872340426