8 0.4794520547945205 0.8618421052631579 0.0547945205479452 0.15789473684210525
0 0.17465753424657535 0.881578947368421 0.0547945205479452 0.15789473684210525
0 0.2363013698630137 0.875 0.0547945205479452 0.15789473684210525
5 0.8047945205479452 0.8552631578947368 0.04794520547945205 0.15789473684210525
0 0.2979452054794521 0.875 0.0547945205479452 0.15789473684210525
0 0.5787671232876712 0.8552631578947368 0.0547945205479452 0.15789473684210525
0 0.4178082191780822 0.8618421052631579 0.0547945205479452 0.17105263157894737
2 0.8561643835616438 0.8552631578947368 0.04794520547945205 0.15789473684210525
5 0.3561643835616438 0.875 0.0547945205479452 0.15789473684210525
7 0.75 0.8552631578947368 0.04794520547945205 0.15789473684210525
4 0.05821917808219178 0.8881578947368421 0.04794520547945205 0.15789473684210525
5 0.6952054794520548 0.8552631578947368 0.04794520547945205 0.15789473684210525
4 0.6404109589041096 0.8552631578947368 0.04794520547945205 0.15789473684210525