2 0.649671052631579 0.9235668789808917 0.046052631578947366 0.1337579617834395
0 0.4375 0.9140127388535032 0.046052631578947366 0.1337579617834395
6 0.8338815789473685 0.9235668789808917 0.049342105263157895 0.1337579617834395
8 0.05756578947368421 0.9140127388535032 0.046052631578947366 0.1337579617834395
8 0.375 0.9209554140127388 0.04276315789473684 0.12630573248407642
9 0.49835526315789475 0.9171974522292994 0.046052631578947366 0.12738853503184713
0 0.18914473684210525 0.9140127388535032 0.046052631578947366 0.1337579617834395
5 0.5904605263157895 0.9235668789808917 0.046052631578947366 0.1337579617834395
5 0.7088815789473685 0.9235668789808917 0.046052631578947366 0.1337579617834395
7 0.7713815789473685 0.9235668789808917 0.046052631578947366 0.14012738853503184
6 0.31414473684210525 0.910828025477707 0.049342105263157895 0.1464968152866242
3 0.8947368421052632 0.9203821656050956 0.046052631578947366 0.1337579617834395
7 0.2532894736842105 0.9171974522292994 0.04276315789473684 0.1337579617834395