3 0.09388646288209607 0.9076923076923077 0.05240174672489083 0.13076923076923078
4 0.32751091703056767 0.926923076923077 0.048034934497816595 0.12307692307692308
6 0.4388646288209607 0.9307692307692308 0.048034934497816595 0.12307692307692308
5 0.2096069868995633 0.9192307692307692 0.048034934497816595 0.13076923076923078
6 0.7532751091703057 0.9307692307692308 0.048034934497816595 0.12307692307692308
0 0.5917030567685589 0.9346153846153846 0.048034934497816595 0.12307692307692308
3 0.6462882096069869 0.9307692307692308 0.048034934497816595 0.13076923076923078
0 0.49563318777292575 0.9307692307692308 0.048034934497816595 0.12307692307692308
6 0.38209606986899564 0.926923076923077 0.048034934497816595 0.12307692307692308
7 0.27292576419213976 0.9230769230769231 0.05240174672489083 0.13076923076923078
1 0.8602620087336245 0.9307692307692308 0.039301310043668124 0.12307692307692308
6 0.6986899563318777 0.9346153846153846 0.048034934497816595 0.12307692307692308
7 0.8100436681222707 0.9307692307692308 0.048034934497816595 0.13076923076923078