8 0.708171206225681 0.9281437125748503 0.05058365758754864 0.11377245508982035
8 0.8268482490272373 0.9281437125748503 0.05058365758754864 0.11377245508982035
2 0.8832684824902723 0.9281437125748503 0.04669260700389105 0.11377245508982035
6 0.18482490272373542 0.9191616766467066 0.05058365758754864 0.11377245508982035
0 0.3035019455252918 0.9191616766467066 0.05058365758754864 0.11377245508982035
0 0.48443579766536965 0.9221556886227545 0.05058365758754864 0.11377245508982035
0 0.5875486381322957 0.9251497005988024 0.05058365758754864 0.11377245508982035
0 0.42412451361867703 0.9221556886227545 0.05058365758754864 0.11377245508982035
4 0.3657587548638132 0.9221556886227545 0.05058365758754864 0.11377245508982035
6 0.6478599221789884 0.9281437125748503 0.05058365758754864 0.11377245508982035
4 0.7665369649805448 0.9251497005988024 0.04669260700389105 0.11377245508982035
7 0.0622568093385214 0.9191616766467066 0.05058365758754864 0.11377245508982035
1 0.24708171206225682 0.9221556886227545 0.04669260700389105 0.11377245508982035