2 0.7722371967654986 0.8788659793814433 0.05929919137466307 0.16494845360824742
9 0.7075471698113207 0.8762886597938144 0.05929919137466307 0.17010309278350516
9 0.6428571428571429 0.8737113402061856 0.05929919137466307 0.16494845360824742
9 0.8342318059299192 0.8814432989690721 0.05660377358490566 0.16494845360824742
4 0.898921832884097 0.8814432989690721 0.05660377358490566 0.15463917525773196
9 0.05256064690026954 0.845360824742268 0.05929919137466307 0.17525773195876287
8 0.23180592991913745 0.8582474226804123 0.05660377358490566 0.16494845360824742
1 0.5795148247978437 0.8711340206185567 0.04582210242587601 0.15979381443298968
0 0.4191374663072776 0.8634020618556701 0.05660377358490566 0.17010309278350516
8 0.29514824797843664 0.8608247422680413 0.05660377358490566 0.16494845360824742
7 0.1711590296495957 0.8530927835051546 0.05660377358490566 0.16494845360824742
8 0.48247978436657685 0.8685567010309279 0.05929919137466307 0.16494845360824742
8 0.35714285714285715 0.8634020618556701 0.05660377358490566 0.16494845360824742