8 0.04326923076923077 0.9047619047619048 0.04807692307692308 0.12698412698412698
0 0.16346153846153846 0.9007936507936508 0.04807692307692308 0.12698412698412698
8 0.6225961538461539 0.9087301587301587 0.04807692307692308 0.12698412698412698
0 0.34134615384615385 0.9047619047619048 0.04807692307692308 0.12698412698412698
0 0.22115384615384615 0.9007936507936508 0.04807692307692308 0.12698412698412698
3 0.40384615384615385 0.9047619047619048 0.04807692307692308 0.12698412698412698
3 0.5649038461538461 0.9087301587301587 0.052884615384615384 0.12698412698412698
5 0.8028846153846154 0.9087301587301587 0.04807692307692308 0.1349206349206349
0 0.46153846153846156 0.9047619047619048 0.04807692307692308 0.12698412698412698
5 0.8629807692307693 0.9087301587301587 0.04807692307692308 0.12698412698412698
4 0.28125 0.9047619047619048 0.04807692307692308 0.12698412698412698
5 0.7427884615384616 0.9087301587301587 0.04807692307692308 0.12698412698412698
3 0.6850961538461539 0.9087301587301587 0.04807692307692308 0.12698412698412698