3 0.4213197969543147 0.7676767676767676 0.050761421319796954 0.15151515151515152
3 0.4847715736040609 0.7676767676767676 0.050761421319796954 0.15151515151515152
3 0.6979695431472082 0.7676767676767676 0.05583756345177665 0.16161616161616163
0 0.817258883248731 0.7575757575757576 0.05583756345177665 0.15151515151515152
9 0.6370558375634517 0.7676767676767676 0.05583756345177665 0.16161616161616163
4 0.5736040609137056 0.7626262626262627 0.04568527918781726 0.1414141414141414
0 0.3604060913705584 0.7676767676767676 0.050761421319796954 0.15151515151515152
1 0.7538071065989848 0.7626262626262627 0.04568527918781726 0.15151515151515152
0 0.24111675126903553 0.7676767676767676 0.05583756345177665 0.15151515151515152
9 0.8781725888324873 0.7626262626262627 0.05583756345177665 0.15151515151515152
0 0.1802030456852792 0.7676767676767676 0.05583756345177665 0.15151515151515152
4 0.04314720812182741 0.7727272727272727 0.05583756345177665 0.15151515151515152
8 0.3020304568527919 0.7676767676767676 0.05583756345177665 0.15151515151515152