8 0.5015479876160991 0.7814814814814814 0.04024767801857585 0.18518518518518517
2 0.6006191950464397 0.7888888888888889 0.043343653250773995 0.18518518518518517
6 0.7693498452012384 0.7925925925925926 0.04643962848297214 0.18518518518518517
0 0.326625386996904 0.762962962962963 0.04953560371517028 0.17777777777777778
0 0.20743034055727555 0.7592592592592593 0.04643962848297214 0.17777777777777778
2 0.8839009287925697 0.8 0.04024767801857585 0.18518518518518517
0 0.7136222910216719 0.7888888888888889 0.04643962848297214 0.17777777777777778
8 0.826625386996904 0.7962962962962963 0.04024767801857585 0.18518518518518517
0 0.2678018575851393 0.762962962962963 0.04643962848297214 0.17777777777777778
0 0.6578947368421053 0.7888888888888889 0.04643962848297214 0.17777777777777778
1 0.4473684210526316 0.774074074074074 0.03715170278637771 0.17777777777777778
3 0.38390092879256965 0.7703703703703704 0.04643962848297214 0.18518518518518517
8 0.06191950464396285 0.7481481481481481 0.04024767801857585 0.1925925925925926