2 0.9022082018927445 0.8053435114503816 0.0473186119873817 0.21374045801526717
0 0.19873817034700317 0.8091603053435115 0.050473186119873815 0.21374045801526717
2 0.6056782334384858 0.816793893129771 0.050473186119873815 0.22137404580152673
0 0.6640378548895899 0.8091603053435115 0.050473186119873815 0.21374045801526717
0 0.7239747634069401 0.8091603053435115 0.0473186119873817 0.20610687022900764
0 0.3186119873817035 0.8129770992366412 0.050473186119873815 0.21374045801526717
0 0.25709779179810727 0.8129770992366412 0.0473186119873817 0.22137404580152673
1 0.443217665615142 0.816793893129771 0.04100946372239748 0.20610687022900764
8 0.8454258675078864 0.8053435114503816 0.0473186119873817 0.20610687022900764
8 0.5 0.8129770992366412 0.0473186119873817 0.21374045801526717
8 0.050473186119873815 0.8129770992366412 0.04416403785488959 0.21374045801526717
3 0.3801261829652997 0.8129770992366412 0.050473186119873815 0.22137404580152673
0 0.7823343848580442 0.8053435114503816 0.0473186119873817 0.21374045801526717