0 0.11904761904761904 0.13725490196078433 0.10317460317460317 0.03361344537815126
0 0.07341269841269842 0.5546218487394958 0.10317460317460317 0.05322128851540616
8 0.13690476190476192 0.05322128851540616 0.10317460317460317 0.04201680672268908
2 0.06547619047619048 0.8053221288515406 0.10317460317460317 0.05322128851540616
0 0.07142857142857142 0.6190476190476191 0.1111111111111111 0.056022408963585436
8 0.09126984126984126 0.2689075630252101 0.10714285714285714 0.04201680672268908
7 0.06547619047619048 0.7436974789915967 0.1111111111111111 0.05042016806722689
0 0.08134920634920635 0.3851540616246499 0.1111111111111111 0.056022408963585436
5 0.07738095238095238 0.49159663865546216 0.10317460317460317 0.047619047619047616
8 0.07253968253968254 0.6817086834733894 0.11253968253968254 0.05955182072829132
1 0.08781746031746031 0.32820728291316525 0.11865079365079365 0.03823529411764706
6 0.10091269841269841 0.2261064425770308 0.11071428571428571 0.04420168067226891
7 0.10884920634920635 0.17011204481792716 0.10706349206349207 0.035546218487394955