8 0.071875 0.8098591549295775 0.053125 0.14788732394366197
0 0.1984375 0.8098591549295775 0.046875 0.14788732394366197
0 0.4828125 0.8098591549295775 0.05 0.14788732394366197
5 0.8015625 0.8133802816901409 0.046875 0.14788732394366197
0 0.2546875 0.8098591549295775 0.05 0.14788732394366197
0 0.571875 0.8098591549295775 0.05 0.14788732394366197
0 0.6875 0.8133802816901409 0.046875 0.14788732394366197
3 0.74375 0.8133802816901409 0.05 0.14788732394366197
8 0.425 0.8133802816901409 0.04375 0.14788732394366197
3 0.3109375 0.8133802816901409 0.046875 0.14788732394366197
3 0.628125 0.8133802816901409 0.046875 0.14788732394366197
9 0.36875 0.8098591549295775 0.046875 0.14788732394366197
9 0.8578125 0.8098591549295775 0.046875 0.14788732394366197