0 0.31223628691983124 0.5875912408759124 0.05907172995780591 0.15328467153284672
0 0.25738396624472576 0.5547445255474452 0.05907172995780591 0.15328467153284672
2 0.8565400843881856 0.864963503649635 0.05485232067510549 0.15328467153284672
0 0.689873417721519 0.7846715328467153 0.05485232067510549 0.16058394160583941
2 0.5759493670886076 0.7262773722627737 0.05485232067510549 0.16058394160583941
0 0.20253164556962025 0.5255474452554745 0.05907172995780591 0.15328467153284672
0 0.6350210970464135 0.7518248175182481 0.05907172995780591 0.15328467153284672
3 0.3670886075949367 0.6094890510948905 0.05063291139240506 0.15328467153284672
8 0.8016877637130801 0.843065693430657 0.046413502109704644 0.16058394160583941
6 0.7426160337552743 0.8102189781021898 0.046413502109704644 0.15328467153284672
1 0.43037974683544306 0.6496350364963503 0.0379746835443038 0.15328467153284672
8 0.4810126582278481 0.6751824817518248 0.046413502109704644 0.15328467153284672
8 0.06569620253164557 0.4491970802919708 0.048143459915611815 0.1410948905109489