5 0.6929460580912863 0.8676470588235294 0.05394190871369295 0.17647058823529413
3 0.8132780082987552 0.8676470588235294 0.04979253112033195 0.17647058823529413
7 0.4066390041493776 0.8627450980392157 0.04979253112033195 0.17647058823529413
1 0.22199170124481327 0.8725490196078431 0.05394190871369295 0.17647058823529413
4 0.6327800829875518 0.8676470588235294 0.04979253112033195 0.1568627450980392
4 0.05394190871369295 0.8627450980392157 0.05394190871369295 0.17647058823529413
1 0.2842323651452282 0.8725490196078431 0.05394190871369295 0.17647058823529413
9 0.7551867219917012 0.8676470588235294 0.05394190871369295 0.17647058823529413
8 0.34439834024896265 0.8676470588235294 0.05394190871369295 0.16666666666666666
9 0.46887966804979253 0.8627450980392157 0.05394190871369295 0.17647058823529413
8 0.8755186721991701 0.8649019607843137 0.05394190871369295 0.17225490196078433
6 0.5726141078838174 0.8664705882352941 0.05394190871369295 0.1788235294117647
0 0.1595435684647303 0.8635294117647059 0.06070539419087137 0.1761764705882353