7 0.17109634551495018 0.8774193548387097 0.05647840531561462 0.16129032258064516
2 0.7691029900332226 0.8709677419354839 0.059800664451827246 0.16129032258064516
0 0.42358803986710963 0.8741935483870967 0.053156146179401995 0.16129032258064516
9 0.7093023255813954 0.8709677419354839 0.059800664451827246 0.16129032258064516
9 0.6411960132890365 0.8741935483870967 0.06312292358803986 0.16129032258064516
1 0.579734219269103 0.8741935483870967 0.04318936877076412 0.15483870967741936
8 0.23089700996677742 0.8774193548387097 0.059800664451827246 0.16129032258064516
8 0.4850498338870432 0.8774193548387097 0.06312292358803986 0.16129032258064516
8 0.2973421926910299 0.8774193548387097 0.053156146179401995 0.16129032258064516
2 0.8953488372093024 0.864516129032258 0.04983388704318937 0.14838709677419354
9 0.8355481727574751 0.8709677419354839 0.05647840531561462 0.16129032258064516
8 0.3588039867109635 0.8774193548387097 0.059800664451827246 0.16129032258064516
9 0.04817275747508306 0.8806451612903226 0.0664451827242525 0.16774193548387098