8 0.4368421052631579 0.8225806451612904 0.0456140350877193 0.1532258064516129
8 0.06491228070175438 0.8266129032258065 0.04912280701754386 0.16129032258064516
0 0.19824561403508772 0.8266129032258065 0.0456140350877193 0.1532258064516129
5 0.8280701754385965 0.8225806451612904 0.0456140350877193 0.1532258064516129
3 0.3157894736842105 0.8266129032258065 0.0456140350877193 0.1532258064516129
0 0.5894736842105263 0.8225806451612904 0.0456140350877193 0.1532258064516129
0 0.2578947368421053 0.8266129032258065 0.04912280701754386 0.1532258064516129
0 0.49473684210526314 0.8225806451612904 0.0456140350877193 0.1532258064516129
3 0.7684210526315789 0.8225806451612904 0.0456140350877193 0.1532258064516129
0 0.7087719298245614 0.8225806451612904 0.0456140350877193 0.1532258064516129
3 0.6491228070175439 0.8225806451612904 0.0456140350877193 0.1532258064516129
9 0.8859649122807017 0.8225806451612904 0.0456140350877193 0.16129032258064516
9 0.37543859649122807 0.8266129032258065 0.0456140350877193 0.1532258064516129