2 0.08950617283950617 0.8373493975903614 0.1111111111111111 0.05622489959839357
0 0.08950617283950617 0.785140562248996 0.1111111111111111 0.05220883534136546
2 0.08024691358024691 0.2991967871485944 0.1111111111111111 0.05622489959839357
1 0.08641975308641975 0.570281124497992 0.1111111111111111 0.04819277108433735
0 0.08024691358024691 0.24497991967871485 0.1111111111111111 0.05622489959839357
3 0.09259259259259259 0.7329317269076305 0.1111111111111111 0.05622489959839357
0 0.07716049382716049 0.18875502008032127 0.1111111111111111 0.05622489959839357
5 0.08333333333333333 0.40963855421686746 0.1111111111111111 0.05220883534136546
6 0.08950617283950617 0.678714859437751 0.1111111111111111 0.05220883534136546
9 0.08333333333333333 0.46586345381526106 0.1111111111111111 0.05622489959839357
5 0.08024691358024691 0.35542168674698793 0.1111111111111111 0.05622489959839357
2 0.08641975308641975 0.6265060240963856 0.1111111111111111 0.05220883534136546
4 0.07716049382716049 0.06827309236947791 0.11728395061728394 0.060240963855421686