8 0.5479166666666667 0.9302325581395349 0.0375 0.09302325581395349
9 0.7854166666666667 0.9331395348837209 0.041666666666666664 0.09302325581395349
0 0.15208333333333332 0.9302325581395349 0.041666666666666664 0.09302325581395349
2 0.05416666666666667 0.9302325581395349 0.041666666666666664 0.09302325581395349
0 0.2125 0.9302325581395349 0.041666666666666664 0.09302325581395349
2 0.725 0.9331395348837209 0.041666666666666664 0.09302325581395349
0 0.33541666666666664 0.9302325581395349 0.041666666666666664 0.09302325581395349
5 0.6083333333333333 0.9331395348837209 0.041666666666666664 0.09302325581395349
0 0.39375 0.9331395348837209 0.04583333333333333 0.09302325581395349
7 0.8479166666666667 0.9331395348837209 0.041666666666666664 0.09302325581395349
7 0.6708333333333333 0.9331395348837209 0.041666666666666664 0.09883720930232558
7 0.275 0.9302325581395349 0.04583333333333333 0.09302325581395349
1 0.45416666666666666 0.9331395348837209 0.03333333333333333 0.09302325581395349