3 0.8927038626609443 0.8425925925925926 0.055793991416309016 0.18518518518518517
8 0.8304721030042919 0.8472222222222222 0.055793991416309016 0.17592592592592593
4 0.06437768240343347 0.8703703703703703 0.060085836909871244 0.18518518518518517
1 0.4957081545064378 0.8611111111111112 0.04721030042918455 0.17592592592592593
0 0.592274678111588 0.8564814814814815 0.055793991416309016 0.17592592592592593
0 0.24678111587982832 0.8657407407407407 0.055793991416309016 0.17592592592592593
4 0.4313304721030043 0.8657407407407407 0.055793991416309016 0.17592592592592593
9 0.37124463519313305 0.8657407407407407 0.055793991416309016 0.17592592592592593
0 0.18454935622317598 0.8703703703703703 0.055793991416309016 0.17592592592592593
0 0.6523605150214592 0.8518518518518519 0.055793991416309016 0.17592592592592593
1 0.7167381974248928 0.8564814814814815 0.04721030042918455 0.17592592592592593
9 0.7725321888412017 0.8472222222222222 0.05150214592274678 0.17592592592592593
5 0.3090128755364807 0.8703703703703703 0.055793991416309016 0.18518518518518517