2 0.31645569620253167 0.8916666666666667 0.05907172995780591 0.15833333333333333
6 0.7278481012658228 0.8666666666666667 0.05907172995780591 0.15833333333333333
8 0.510548523206751 0.8875 0.05485232067510549 0.15833333333333333
4 0.38396624472573837 0.8875 0.05485232067510549 0.15833333333333333
7 0.8523206751054853 0.85 0.05485232067510549 0.16666666666666666
4 0.4472573839662447 0.8875 0.05485232067510549 0.15833333333333333
0 0.6075949367088608 0.875 0.05485232067510549 0.15833333333333333
0 0.6687763713080169 0.8708333333333333 0.05485232067510549 0.15833333333333333
3 0.9092827004219409 0.8458333333333333 0.05907172995780591 0.16666666666666666
0 0.2552742616033755 0.8916666666666667 0.05907172995780591 0.15833333333333333
4 0.7911392405063291 0.8583333333333333 0.05485232067510549 0.15833333333333333
0 0.19198312236286919 0.8916666666666667 0.05907172995780591 0.15833333333333333
4 0.05485232067510549 0.8958333333333334 0.05485232067510549 0.16666666666666666