2 0.9036458333333334 0.41639871382636656 0.11979166666666667 0.05144694533762058
2 0.890625 0.6302250803858521 0.125 0.04823151125401929
4 0.9114583333333334 0.297427652733119 0.11979166666666667 0.05466237942122187
6 0.875 0.8504823151125402 0.11458333333333333 0.04501607717041801
0 0.8932291666666666 0.5739549839228296 0.125 0.05144694533762058
0 0.8776041666666666 0.7958199356913184 0.11979166666666667 0.04823151125401929
6 0.90625 0.35852090032154343 0.11979166666666667 0.05466237942122187
8 0.8984375 0.4742765273311897 0.11979166666666667 0.05144694533762058
0 0.9140625 0.23633440514469453 0.125 0.05466237942122187
0 0.8802083333333334 0.7411575562700965 0.11979166666666667 0.04823151125401929
0 0.921875 0.17363344051446947 0.125 0.05466237942122187
5 0.8854166666666666 0.684887459807074 0.11979166666666667 0.04823151125401929
3 0.8697916666666666 0.9565916398713826 0.11979166666666667 0.04501607717041801