3 0.8831417624521073 0.7824427480916031 0.05363984674329502 0.15267175572519084
0 0.18582375478927204 0.8358778625954199 0.04980842911877394 0.15267175572519084
3 0.8256704980842912 0.7824427480916031 0.04980842911877394 0.15267175572519084
4 0.764367816091954 0.7900763358778626 0.04597701149425287 0.1450381679389313
0 0.6455938697318008 0.7977099236641222 0.04980842911877394 0.1450381679389313
1 0.48659003831417624 0.816793893129771 0.04597701149425287 0.1450381679389313
1 0.5900383141762452 0.8053435114503816 0.04597701149425287 0.1450381679389313
0 0.24521072796934865 0.8282442748091603 0.05363984674329502 0.15267175572519084
1 0.36973180076628354 0.8244274809160306 0.04597701149425287 0.15267175572519084
4 0.42528735632183906 0.816793893129771 0.04597701149425287 0.1450381679389313
4 0.7049808429118773 0.7938931297709924 0.04597701149425287 0.1450381679389313
4 0.06321839080459771 0.8473282442748091 0.04980842911877394 0.15267175572519084
7 0.3045977011494253 0.8282442748091603 0.05363984674329502 0.16030534351145037