6 0.8502824858757062 0.601145038167939 0.1016949152542373 0.05725190839694656
4 0.8389830508474576 0.9351145038167938 0.10734463276836158 0.05725190839694656
2 0.8559322033898306 0.366412213740458 0.10734463276836158 0.05725190839694656
0 0.844632768361582 0.8416030534351145 0.1016949152542373 0.05343511450381679
0 0.844632768361582 0.7824427480916031 0.10734463276836158 0.05343511450381679
8 0.844632768361582 0.7213740458015268 0.1016949152542373 0.04961832061068702
3 0.844632768361582 0.6603053435114504 0.10734463276836158 0.05343511450381679
3 0.8531073446327684 0.4312977099236641 0.10734463276836158 0.05725190839694656
1 0.8615819209039548 0.2366412213740458 0.1016949152542373 0.04580152671755725
7 0.847457627118644 0.5381679389312977 0.10734463276836158 0.05343511450381679
3 0.864406779661017 0.16984732824427481 0.11299435028248588 0.05725190839694656
1 0.8587570621468926 0.30343511450381677 0.10734463276836158 0.04580152671755725
7 0.8622033898305086 0.09980916030534351 0.1167231638418079 0.048244274809160305