0 0.5748502994011976 0.943089430894309 0.059880239520958084 0.11382113821138211
0 0.8143712574850299 0.943089430894309 0.05389221556886228 0.10569105691056911
9 0.3502994011976048 0.943089430894309 0.059880239520958084 0.11382113821138211
1 0.6916167664670658 0.943089430894309 0.05389221556886228 0.10569105691056911
1 0.6347305389221557 0.943089430894309 0.04790419161676647 0.10569105691056911
0 0.23053892215568864 0.9390243902439024 0.059880239520958084 0.11382113821138211
1 0.8682634730538922 0.943089430894309 0.041916167664670656 0.10569105691056911
1 0.2904191616766467 0.9390243902439024 0.041916167664670656 0.0975609756097561
4 0.7544910179640718 0.943089430894309 0.05389221556886228 0.10569105691056911
3 0.41317365269461076 0.943089430894309 0.05389221556886228 0.11382113821138211
6 0.47604790419161674 0.943089430894309 0.059880239520958084 0.10569105691056911
2 0.7544910179640718 0.943089430894309 0.05389221556886228 0.10569105691056911
4 0.04790419161676647 0.9349593495934959 0.05389221556886228 0.10569105691056911