2 0.295 0.8774509803921569 0.055 0.14705882352941177
3 0.8925 0.8725490196078431 0.05 0.14705882352941177
3 0.8325 0.8725490196078431 0.05 0.14705882352941177
3 0.77 0.8725490196078431 0.05 0.14705882352941177
0 0.1725 0.8725490196078431 0.055 0.14705882352941177
0 0.42 0.8725490196078431 0.055 0.14705882352941177
1 0.59 0.8725490196078431 0.045 0.14705882352941177
0 0.235 0.8725490196078431 0.055 0.14705882352941177
4 0.07 0.8676470588235294 0.055 0.1568627450980392
4 0.71 0.8725490196078431 0.05 0.14705882352941177
6 0.6475 0.8725490196078431 0.055 0.14705882352941177
7 0.48 0.8725490196078431 0.05 0.14705882352941177
7 0.355 0.8725490196078431 0.05 0.13725490196078433