2 0.3486394557823129 0.9213197969543148 0.05102040816326531 0.1065989847715736
4 0.05102040816326531 0.9187817258883249 0.05442176870748299 0.1116751269035533
0 0.6173469387755102 0.9238578680203046 0.05442176870748299 0.1065989847715736
4 0.8452380952380952 0.9263959390862944 0.05102040816326531 0.1065989847715736
0 0.23129251700680273 0.9187817258883249 0.05442176870748299 0.1065989847715736
0 0.7312925170068028 0.9238578680203046 0.05442176870748299 0.1065989847715736
0 0.7891156462585034 0.9238578680203046 0.05442176870748299 0.1065989847715736
0 0.5612244897959183 0.9213197969543148 0.05442176870748299 0.1065989847715736
0 0.1717687074829932 0.9187817258883249 0.05442176870748299 0.1065989847715736
0 0.46258503401360546 0.9213197969543148 0.05102040816326531 0.1065989847715736
0 0.2891156462585034 0.9187817258883249 0.05442176870748299 0.1065989847715736
1 0.6785714285714286 0.9263959390862944 0.04421768707482993 0.10152284263959391
9 0.4064625850340136 0.9213197969543148 0.05102040816326531 0.1065989847715736