2 0.7186495176848875 0.8546099290780141 0.03536977491961415 0.10638297872340426
2 0.8456591639871383 0.8581560283687943 0.03536977491961415 0.10638297872340426
3 0.48231511254019294 0.8581560283687943 0.03215434083601286 0.11347517730496454
0 0.7829581993569131 0.8581560283687943 0.03536977491961415 0.11347517730496454
0 0.2315112540192926 0.8546099290780141 0.03215434083601286 0.11347517730496454
0 0.909967845659164 0.8581560283687943 0.03536977491961415 0.11347517730496454
0 0.16881028938906753 0.8546099290780141 0.03215434083601286 0.10638297872340426
1 0.35691318327974275 0.8581560283687943 0.03536977491961415 0.11347517730496454
5 0.2958199356913183 0.8581560283687943 0.03536977491961415 0.11347517730496454
0 0.6559485530546624 0.8546099290780141 0.03536977491961415 0.10638297872340426
0 0.5916398713826366 0.8581560283687943 0.03536977491961415 0.10638297872340426
5 0.4212218649517685 0.8581560283687943 0.03536977491961415 0.11347517730496454
4 0.05144694533762058 0.8546099290780141 0.03536977491961415 0.10638297872340426