3 0.8809523809523809 0.7818181818181819 0.05860805860805861 0.20909090909090908
5 0.36813186813186816 0.8090909090909091 0.05128205128205128 0.20909090909090908
0 0.7673992673992674 0.7909090909090909 0.054945054945054944 0.20909090909090908
4 0.0695970695970696 0.8227272727272728 0.054945054945054944 0.20909090909090908
5 0.8241758241758241 0.7909090909090909 0.05128205128205128 0.20909090909090908
0 0.5970695970695971 0.7954545454545454 0.054945054945054944 0.2
1 0.4249084249084249 0.8045454545454546 0.047619047619047616 0.2
6 0.4835164835164835 0.8045454545454546 0.054945054945054944 0.20909090909090908
0 0.19597069597069597 0.8090909090909091 0.054945054945054944 0.20909090909090908
0 0.25274725274725274 0.8090909090909091 0.054945054945054944 0.20909090909090908
0 0.31135531135531136 0.8045454545454546 0.054945054945054944 0.20909090909090908
1 0.7087912087912088 0.7954545454545454 0.04395604395604396 0.2
1 0.652014652014652 0.8 0.04395604395604396 0.2