5 0.7208029197080292 0.8945578231292517 0.043795620437956206 0.1360544217687075
8 0.05656934306569343 0.9115646258503401 0.051094890510948905 0.1360544217687075
9 0.5054744525547445 0.9013605442176871 0.043795620437956206 0.1292517006802721
0 0.1897810218978102 0.9047619047619048 0.04744525547445255 0.1360544217687075
6 0.3175182481751825 0.9047619047619048 0.051094890510948905 0.1292517006802721
0 0.4416058394160584 0.9013605442176871 0.04744525547445255 0.1292517006802721
5 0.5985401459854015 0.8945578231292517 0.043795620437956206 0.1360544217687075
7 0.7828467153284672 0.891156462585034 0.043795620437956206 0.1360544217687075
2 0.6587591240875912 0.8979591836734694 0.043795620437956206 0.1360544217687075
6 0.8485401459854015 0.891156462585034 0.04744525547445255 0.1292517006802721
7 0.2572992700729927 0.9047619047619048 0.043795620437956206 0.1360544217687075
8 0.3795620437956204 0.9047619047619048 0.043795620437956206 0.1292517006802721
3 0.9144525547445256 0.8879591836734694 0.05291970802919708 0.14285714285714285