6 0.3434343434343434 0.8985507246376812 0.050505050505050504 0.15217391304347827
3 0.5538720538720538 0.8985507246376812 0.050505050505050504 0.15942028985507245
0 0.6683501683501684 0.8985507246376812 0.050505050505050504 0.15942028985507245
0 0.8383838383838383 0.894927536231884 0.04713804713804714 0.15942028985507245
0 0.17003367003367004 0.8913043478260869 0.04713804713804714 0.15942028985507245
0 0.22727272727272727 0.894927536231884 0.04713804713804714 0.15942028985507245
6 0.2845117845117845 0.8985507246376812 0.050505050505050504 0.15217391304347827
1 0.7289562289562289 0.8985507246376812 0.04377104377104377 0.15217391304347827
0 0.4562289562289562 0.894927536231884 0.050505050505050504 0.15942028985507245
7 0.398989898989899 0.894927536231884 0.050505050505050504 0.15942028985507245
4 0.05218855218855219 0.9021739130434783 0.04713804713804714 0.15217391304347827
5 0.7828282828282829 0.8985507246376812 0.04713804713804714 0.15942028985507245
6 0.6111111111111112 0.9021739130434783 0.04713804713804714 0.15942028985507245