0 0.17901234567901234 0.5116279069767442 0.16049382716049382 0.053156146179401995
2 0.17592592592592593 0.38870431893687707 0.16049382716049382 0.05647840531561462
2 0.19753086419753085 0.7956810631229236 0.15432098765432098 0.05647840531561462
6 0.19339506172839505 0.7358803986710963 0.17074074074074075 0.046511627906976744
9 0.2039506172839506 0.9128239202657807 0.16987654320987655 0.0445514950166113
4 0.19777777777777777 0.8512956810631229 0.15753086419753087 0.05245847176079734
0 0.19080246913580248 0.6734883720930233 0.16333333333333333 0.0581063122923588
1 0.19037037037037036 0.6108305647840532 0.15592592592592594 0.04611295681063123
0 0.1784567901234568 0.44963455149501663 0.1715432098765432 0.04956810631229236
3 0.17351851851851852 0.32056478405315614 0.18141975308641975 0.06408637873754153
1 0.1706172839506173 0.25853820598006644 0.16246913580246913 0.04634551495016611
0 0.17265432098765432 0.19435215946843853 0.16660493827160494 0.05960132890365449
4 0.15703703703703706 0.06348837209302326 0.18141975308641975 0.05996677740863788