4 0.3654618473895582 0.9161490683229814 0.04819277108433735 0.12422360248447205
2 0.8975903614457831 0.9192546583850931 0.04819277108433735 0.12422360248447205
8 0.714859437751004 0.9161490683229814 0.04819277108433735 0.11801242236024845
8 0.8373493975903614 0.9192546583850931 0.05220883534136546 0.12422360248447205
6 0.1827309236947791 0.9192546583850931 0.05220883534136546 0.12422360248447205
0 0.4859437751004016 0.9161490683229814 0.04819277108433735 0.12422360248447205
0 0.42570281124497994 0.9161490683229814 0.05220883534136546 0.12422360248447205
6 0.6526104417670683 0.9192546583850931 0.05220883534136546 0.12422360248447205
0 0.3032128514056225 0.9161490683229814 0.05220883534136546 0.12422360248447205
0 0.5903614457831325 0.9161490683229814 0.05220883534136546 0.12422360248447205
4 0.7751004016064257 0.9192546583850931 0.04819277108433735 0.11801242236024845
1 0.24497991967871485 0.9192546583850931 0.04417670682730924 0.12422360248447205
7 0.060240963855421686 0.9192546583850931 0.05220883534136546 0.12422360248447205