3 0.31626506024096385 0.925764192139738 0.05120481927710843 0.10480349344978165
4 0.8012048192771084 0.9279475982532751 0.045180722891566265 0.10043668122270742
0 0.2575301204819277 0.925764192139738 0.04819277108433735 0.10480349344978165
0 0.6340361445783133 0.9235807860262009 0.04819277108433735 0.10043668122270742
4 0.7454819277108434 0.925764192139738 0.045180722891566265 0.10043668122270742
0 0.48343373493975905 0.9235807860262009 0.04819277108433735 0.10043668122270742
0 0.2003012048192771 0.925764192139738 0.04819277108433735 0.10480349344978165
1 0.6942771084337349 0.925764192139738 0.04216867469879518 0.10043668122270742
0 0.5798192771084337 0.9235807860262009 0.04819277108433735 0.10043668122270742
4 0.08283132530120482 0.9279475982532751 0.045180722891566265 0.10480349344978165
7 0.37198795180722893 0.925764192139738 0.05120481927710843 0.10480349344978165
9 0.42771084337349397 0.925764192139738 0.04819277108433735 0.10043668122270742
4 0.8554216867469879 0.9279475982532751 0.04216867469879518 0.10043668122270742