2 0.8246527777777778 0.814935064935065 0.04861111111111111 0.14935064935064934
5 0.4548611111111111 0.8214285714285714 0.05555555555555555 0.14935064935064934
8 0.7638888888888888 0.8181818181818182 0.052083333333333336 0.14935064935064934
0 0.15104166666666666 0.7987012987012987 0.04513888888888889 0.14285714285714285
4 0.390625 0.8214285714285714 0.052083333333333336 0.14935064935064934
4 0.3263888888888889 0.8181818181818182 0.052083333333333336 0.15584415584415584
0 0.2048611111111111 0.8051948051948052 0.04861111111111111 0.14285714285714285
0 0.6354166666666666 0.8214285714285714 0.052083333333333336 0.14285714285714285
0 0.2638888888888889 0.8116883116883117 0.04861111111111111 0.14935064935064934
0 0.5694444444444444 0.8214285714285714 0.05555555555555555 0.14285714285714285
4 0.6996527777777778 0.8181818181818182 0.052083333333333336 0.14935064935064934
9 0.8836805555555556 0.8084415584415584 0.04513888888888889 0.14935064935064934
4 0.06944444444444445 0.788961038961039 0.03819444444444445 0.14285714285714285