2 0.30869565217391304 0.8537735849056604 0.05652173913043478 0.18867924528301888
8 0.841304347826087 0.8490566037735849 0.05217391304347826 0.1792452830188679
3 0.7195652173913043 0.8537735849056604 0.05652173913043478 0.18867924528301888
5 0.3673913043478261 0.8537735849056604 0.05652173913043478 0.1792452830188679
0 0.18478260869565216 0.8443396226415094 0.05217391304347826 0.1792452830188679
3 0.7804347826086957 0.8490566037735849 0.05652173913043478 0.1792452830188679
7 0.4282608695652174 0.8537735849056604 0.06086956521739131 0.18867924528301888
5 0.49130434782608695 0.8537735849056604 0.05217391304347826 0.1792452830188679
0 0.24565217391304348 0.8490566037735849 0.05652173913043478 0.1792452830188679
4 0.058695652173913045 0.839622641509434 0.05217391304347826 0.18867924528301888
9 0.9 0.8490566037735849 0.05217391304347826 0.1792452830188679
1 0.6 0.8537735849056604 0.04782608695652174 0.1792452830188679
1 0.6608695652173913 0.8537735849056604 0.04782608695652174 0.1792452830188679