2 0.29545454545454547 0.8872340425531915 0.045454545454545456 0.1148936170212766
2 0.7847593582887701 0.8893617021276595 0.045454545454545456 0.1148936170212766
6 0.35427807486631013 0.8872340425531915 0.0481283422459893 0.11063829787234042
0 0.18315508021390375 0.8851063829787233 0.0481283422459893 0.11063829787234042
1 0.6122994652406417 0.8872340425531915 0.045454545454545456 0.11063829787234042
4 0.6697860962566845 0.8872340425531915 0.0481283422459893 0.11063829787234042
4 0.46524064171123 0.8872340425531915 0.045454545454545456 0.10638297872340426
4 0.06684491978609626 0.8851063829787233 0.05080213903743316 0.1148936170212766
0 0.7272727272727273 0.8851063829787233 0.05080213903743316 0.11063829787234042
4 0.4090909090909091 0.8851063829787233 0.0481283422459893 0.11063829787234042
6 0.5574866310160428 0.8851063829787233 0.0481283422459893 0.10638297872340426
1 0.8422459893048129 0.8893617021276595 0.040106951871657755 0.11063829787234042
0 0.2393048128342246 0.8851063829787233 0.05080213903743316 0.11063829787234042