4 0.8270338983050848 0.9411764705882353 0.20186440677966103 0.051470588235294115
2 0.8599152542372881 0.17647058823529413 0.2028813559322034 0.051470588235294115
0 0.847457627118644 0.5294117647058824 0.2033898305084746 0.051470588235294115
8 0.8601694915254238 0.11397058823529412 0.19491525423728814 0.05514705882352941
5 0.8511864406779661 0.30330882352941174 0.19389830508474576 0.051470588235294115
3 0.8327118644067797 0.7058823529411765 0.19940677966101697 0.05514705882352941
2 0.8578813559322034 0.23897058823529413 0.20737288135593218 0.051470588235294115
0 0.8372033898305086 0.8219117647058823 0.23186440677966103 0.0525
1 0.8392372881355933 0.7641911764705883 0.18796610169491526 0.03389705882352941
2 0.8401694915254238 0.6476838235294117 0.19 0.046360294117647055
0 0.8401694915254238 0.5873529411764705 0.2059322033898305 0.05022058823529412
1 0.8511864406779661 0.4228308823529412 0.20389830508474574 0.028933823529411765
0 0.8556779661016949 0.3633823529411765 0.20491525423728812 0.04834558823529412