2 0.42857142857142855 0.9076576576576577 0.05574912891986063 0.10810810810810811
8 0.050522648083623695 0.9009009009009009 0.0627177700348432 0.11261261261261261
0 0.1759581881533101 0.9009009009009009 0.059233449477351915 0.10810810810810811
4 0.7857142857142857 0.9076576576576577 0.05574912891986063 0.10810810810810811
0 0.6602787456445993 0.9076576576576577 0.059233449477351915 0.11261261261261261
7 0.7247386759581882 0.9054054054054054 0.05226480836236934 0.10810810810810811
1 0.30662020905923343 0.9054054054054054 0.04529616724738676 0.1036036036036036
5 0.9094076655052264 0.9054054054054054 0.05226480836236934 0.10810810810810811
0 0.5975609756097561 0.9076576576576577 0.05574912891986063 0.11261261261261261
0 0.2421602787456446 0.9031531531531531 0.059233449477351915 0.10810810810810811
0 0.4895470383275261 0.9076576576576577 0.059233449477351915 0.11261261261261261
3 0.8484320557491289 0.9054054054054054 0.05574912891986063 0.11261261261261261
4 0.36585365853658536 0.9054054054054054 0.05574912891986063 0.1036036036036036