2 0.8269896193771626 0.7795698924731183 0.058823529411764705 0.26881720430107525
2 0.7058823529411765 0.7795698924731183 0.058823529411764705 0.27956989247311825
8 0.583044982698962 0.7741935483870968 0.058823529411764705 0.25806451612903225
0 0.17128027681660898 0.7741935483870968 0.06228373702422145 0.26881720430107525
6 0.3546712802768166 0.7741935483870968 0.05536332179930796 0.26881720430107525
0 0.23356401384083045 0.7741935483870968 0.058823529411764705 0.26881720430107525
5 0.643598615916955 0.7688172043010753 0.05536332179930796 0.25806451612903225
1 0.7681660899653979 0.7741935483870968 0.04844290657439446 0.25806451612903225
3 0.29411764705882354 0.7741935483870968 0.058823529411764705 0.26881720430107525
4 0.05709342560553633 0.7795698924731183 0.05536332179930796 0.26881720430107525
9 0.41695501730103807 0.7741935483870968 0.058823529411764705 0.25806451612903225
4 0.47750865051903113 0.7741935483870968 0.05536332179930796 0.25806451612903225
8 0.8910034602076125 0.7741935483870968 0.06228373702422145 0.26881720430107525