8 0.5489864864864865 0.14035087719298245 0.04391891891891892 0.1286549707602339
0 0.6097972972972973 0.14327485380116958 0.04391891891891892 0.12280701754385964
2 0.4543918918918919 0.13742690058479531 0.0472972972972973 0.1286549707602339
3 0.21283783783783783 0.1286549707602339 0.04391891891891892 0.12280701754385964
0 0.3935810810810811 0.13450292397660818 0.04391891891891892 0.1286549707602339
1 0.14864864864864866 0.12573099415204678 0.04054054054054054 0.1286549707602339
4 0.95 0.14339181286549707 0.052162162162162164 0.11444444444444445
0 0.856081081081081 0.14608187134502923 0.04513513513513513 0.12707602339181287
0 0.7943581081081081 0.1445029239766082 0.04641891891891892 0.11672514619883041
1 0.7336824324324324 0.14385964912280702 0.03523648648648649 0.12257309941520468
6 0.6697635135135135 0.14298245614035088 0.04875 0.12432748538011697
4 0.33442567567567566 0.13485380116959064 0.051554054054054055 0.12257309941520468
1 0.27489864864864866 0.13128654970760234 0.030236486486486483 0.12976608187134503