0 0.19863013698630136 0.8244274809160306 0.04452054794520548 0.15267175572519084
0 0.4897260273972603 0.816793893129771 0.04452054794520548 0.16030534351145037
0 0.696917808219178 0.8129770992366412 0.04452054794520548 0.15267175572519084
0 0.2568493150684932 0.8206106870229007 0.04452054794520548 0.15267175572519084
0 0.5804794520547946 0.8129770992366412 0.04452054794520548 0.15267175572519084
8 0.4315068493150685 0.8244274809160306 0.04452054794520548 0.15267175572519084
9 0.8681506849315068 0.8091603053435115 0.04452054794520548 0.15267175572519084
3 0.6386986301369864 0.8129770992366412 0.04452054794520548 0.16030534351145037
5 0.8133561643835616 0.8129770992366412 0.04452054794520548 0.15267175572519084
3 0.7534246575342466 0.8129770992366412 0.04452054794520548 0.16030534351145037
9 0.3732876712328767 0.8206106870229007 0.0410958904109589 0.15267175572519084
3 0.3150684931506849 0.8206106870229007 0.04452054794520548 0.16030534351145037
8 0.0713013698630137 0.8176335877862595 0.04917808219178082 0.18427480916030534