8 0.05291970802919708 0.9066666666666666 0.043795620437956206 0.12666666666666668
8 0.3740875912408759 0.9066666666666666 0.043795620437956206 0.12
2 0.6532846715328468 0.9066666666666666 0.04744525547445255 0.12666666666666668
9 0.5 0.9066666666666666 0.043795620437956206 0.12666666666666668
0 0.43613138686131386 0.9066666666666666 0.043795620437956206 0.12666666666666668
6 0.843065693430657 0.9 0.043795620437956206 0.12
0 0.1843065693430657 0.9066666666666666 0.043795620437956206 0.12666666666666668
5 0.5948905109489051 0.9066666666666666 0.043795620437956206 0.12666666666666668
3 0.906934306569343 0.8966666666666666 0.043795620437956206 0.12
5 0.7153284671532847 0.9033333333333333 0.043795620437956206 0.12666666666666668
7 0.7773722627737226 0.9033333333333333 0.04744525547445255 0.13333333333333333
7 0.25 0.9066666666666666 0.04744525547445255 0.13333333333333333
6 0.31204379562043794 0.9066666666666666 0.04744525547445255 0.12666666666666668