2 0.8399339933993399 0.8901515151515151 0.052805280528052806 0.1893939393939394
4 0.1188118811881188 0.8787878787878788 0.052805280528052806 0.17424242424242425
3 0.4537953795379538 0.8863636363636364 0.04950495049504951 0.1893939393939394
3 0.665016501650165 0.8901515151515151 0.04950495049504951 0.19696969696969696
0 0.2755775577557756 0.8787878787878788 0.052805280528052806 0.18181818181818182
3 0.5132013201320133 0.8863636363636364 0.04950495049504951 0.1893939393939394
1 0.3943894389438944 0.8787878787878788 0.0429042904290429 0.17424242424242425
1 0.33663366336633666 0.8787878787878788 0.0462046204620462 0.17424242424242425
0 0.2145214521452145 0.8787878787878788 0.052805280528052806 0.18181818181818182
8 0.6056105610561056 0.8863636363636364 0.0462046204620462 0.1893939393939394
8 0.7227722772277227 0.8901515151515151 0.0462046204620462 0.1893939393939394
7 0.900990099009901 0.8939393939393939 0.052805280528052806 0.19696969696969696
6 0.7805280528052805 0.8939393939393939 0.052805280528052806 0.1893939393939394