2 0.89 0.6181818181818182 0.096 0.05454545454545454
4 0.872 0.9545454545454546 0.088 0.051515151515151514
6 0.902 0.38181818181818183 0.096 0.06060606060606061
8 0.886 0.6787878787878788 0.092 0.051515151515151514
0 0.876 0.8575757575757575 0.092 0.051515151515151514
3 0.89 0.5545454545454546 0.096 0.05454545454545454
0 0.898 0.44696969696969696 0.096 0.05454545454545454
0 0.88 0.7984848484848485 0.092 0.051515151515151514
0 0.882 0.7393939393939394 0.092 0.051515151515151514
1 0.912 0.24696969696969698 0.096 0.048484848484848485
9 0.92 0.11212121212121212 0.1 0.06060606060606061
0 0.916 0.18181818181818182 0.096 0.06363636363636363
1 0.908 0.3151515151515151 0.096 0.048484848484848485