0 0.5707070707070707 0.8237704918032787 0.05723905723905724 0.19672131147540983
0 0.6851851851851852 0.8278688524590164 0.05387205387205387 0.19672131147540983
0 0.17845117845117844 0.8155737704918032 0.050505050505050504 0.20491803278688525
0 0.234006734006734 0.8155737704918032 0.050505050505050504 0.20491803278688525
0 0.8013468013468014 0.8319672131147541 0.05387205387205387 0.19672131147540983
2 0.6262626262626263 0.8237704918032787 0.05723905723905724 0.20491803278688525
5 0.46464646464646464 0.8237704918032787 0.05387205387205387 0.21311475409836064
7 0.7457912457912458 0.8278688524590164 0.050505050505050504 0.20491803278688525
9 0.3501683501683502 0.819672131147541 0.05723905723905724 0.20491803278688525
4 0.06060606060606061 0.8155737704918032 0.05387205387205387 0.19672131147540983
7 0.4057239057239057 0.8155737704918032 0.05723905723905724 0.20491803278688525
4 0.8636363636363636 0.8360655737704918 0.05387205387205387 0.19672131147540983
6 0.29124579124579125 0.819672131147541 0.05723905723905724 0.20491803278688525