2 0.8767605633802817 0.87 0.04929577464788732 0.11
0 0.2992957746478873 0.905 0.04929577464788732 0.105
0 0.477112676056338 0.8925 0.0528169014084507 0.105
0 0.4154929577464789 0.8975 0.04929577464788732 0.105
4 0.7552816901408451 0.875 0.045774647887323945 0.1
0 0.5757042253521126 0.885 0.04929577464788732 0.105
1 0.24471830985915494 0.91 0.045774647887323945 0.105
7 0.06690140845070422 0.925 0.056338028169014086 0.11
6 0.6355633802816901 0.8825 0.04929577464788732 0.105
6 0.18485915492957747 0.915 0.056338028169014086 0.11
4 0.3591549295774648 0.9 0.045774647887323945 0.105
8 0.8151408450704225 0.8725 0.0528169014084507 0.105
8 0.6954225352112676 0.88 0.0528169014084507 0.105