2 0.15306122448979592 0.1722689075630252 0.05714285714285714 0.14285714285714285
8 0.27346938775510204 0.16806722689075632 0.05714285714285714 0.15126050420168066
8 0.45102040816326533 0.15546218487394958 0.05714285714285714 0.15966386554621848
8 0.5489795918367347 0.15126050420168066 0.053061224489795916 0.15126050420168066
3 0.3346938775510204 0.15966386554621848 0.05714285714285714 0.15966386554621848
8 0.6632653061224489 0.14285714285714285 0.04897959183673469 0.15126050420168066
0 0.6061224489795919 0.14285714285714285 0.04897959183673469 0.15966386554621848
0 0.7755102040816326 0.13445378151260504 0.04897959183673469 0.15966386554621848
0 0.8306122448979592 0.13445378151260504 0.04897959183673469 0.15966386554621848
5 0.7204081632653061 0.13445378151260504 0.04897959183673469 0.15966386554621848
7 0.21428571428571427 0.16806722689075632 0.05714285714285714 0.15126050420168066
1 0.38979591836734695 0.15546218487394958 0.04897959183673469 0.15966386554621848
4 0.9408163265306122 0.12605042016806722 0.04897959183673469 0.14285714285714285