3 0.5754985754985755 0.8184931506849316 0.05128205128205128 0.2054794520547945
9 0.33760683760683763 0.821917808219178 0.05413105413105413 0.19863013698630136
4 0.6396011396011396 0.821917808219178 0.04843304843304843 0.19863013698630136
3 0.4017094017094017 0.8184931506849316 0.05413105413105413 0.21232876712328766
0 0.6994301994301995 0.815068493150685 0.05128205128205128 0.19863013698630136
0 0.27350427350427353 0.8184931506849316 0.05128205128205128 0.2054794520547945
5 0.8817663817663818 0.8013698630136986 0.04843304843304843 0.2054794520547945
3 0.7621082621082621 0.8082191780821918 0.04843304843304843 0.2054794520547945
7 0.14957264957264957 0.8116438356164384 0.05128205128205128 0.21232876712328766
7 0.46296296296296297 0.821917808219178 0.04843304843304843 0.2054794520547945
4 0.042735042735042736 0.8082191780821918 0.045584045584045586 0.18493150684931506
1 0.21367521367521367 0.8184931506849316 0.045584045584045586 0.2054794520547945
6 0.8233618233618234 0.8082191780821918 0.04843304843304843 0.19863013698630136