2 0.2425249169435216 0.9276018099547512 0.05647840531561462 0.13122171945701358
3 0.7624584717607974 0.9095022624434389 0.053156146179401995 0.13122171945701358
4 0.872093023255814 0.9095022624434389 0.053156146179401995 0.13122171945701358
4 0.707641196013289 0.916289592760181 0.04983388704318937 0.12217194570135746
0 0.3488372093023256 0.9230769230769231 0.04983388704318937 0.13574660633484162
0 0.6029900332225914 0.9140271493212669 0.053156146179401995 0.13574660633484162
3 0.054817275747508304 0.9298642533936652 0.06312292358803986 0.13122171945701358
0 0.45348837209302323 0.918552036199095 0.05647840531561462 0.14027149321266968
1 0.6578073089700996 0.9140271493212669 0.046511627906976744 0.13122171945701358
4 0.4003322259136213 0.9321266968325792 0.053156146179401995 0.11312217194570136
9 0.8189368770764119 0.9095022624434389 0.04983388704318937 0.13574660633484162
1 0.2956810631229236 0.9253393665158371 0.04983388704318937 0.12217194570135746
1 0.18930232558139534 0.9252488687782805 0.04395348837209302 0.11877828054298642