1 0.9152542372881356 0.4186046511627907 0.10734463276836158 0.046511627906976744
4 0.903954802259887 0.6434108527131783 0.10734463276836158 0.050387596899224806
4 0.9293785310734464 0.1124031007751938 0.10734463276836158 0.05426356589147287
0 0.8983050847457628 0.8217054263565892 0.10734463276836158 0.050387596899224806
0 0.9067796610169492 0.5852713178294574 0.10734463276836158 0.050387596899224806
0 0.903954802259887 0.7034883720930233 0.10734463276836158 0.050387596899224806
0 0.9011299435028248 0.7635658914728682 0.10734463276836158 0.050387596899224806
0 0.9096045197740112 0.5251937984496124 0.10734463276836158 0.050387596899224806
1 0.9209039548022598 0.23449612403100775 0.10734463276836158 0.046511627906976744
5 0.9180790960451978 0.35852713178294576 0.10734463276836158 0.050387596899224806
6 0.923728813559322 0.1744186046511628 0.10734463276836158 0.05426356589147287
4 0.8983050847457628 0.939922480620155 0.10734463276836158 0.050387596899224806
7 0.9180790960451978 0.29651162790697677 0.10734463276836158 0.050387596899224806