2 0.900749063670412 0.9304347826086956 0.052434456928838954 0.12173913043478261
3 0.5805243445692884 0.9173913043478261 0.052434456928838954 0.11304347826086956
2 0.4756554307116105 0.9173913043478261 0.04868913857677903 0.11304347826086956
3 0.4157303370786517 0.9130434782608695 0.052434456928838954 0.11304347826086956
3 0.04868913857677903 0.9 0.04868913857677903 0.12173913043478261
3 0.7059925093632958 0.9260869565217391 0.056179775280898875 0.11304347826086956
7 0.2340823970037453 0.908695652173913 0.04868913857677903 0.10434782608695652
4 0.8352059925093633 0.9304347826086956 0.052434456928838954 0.11304347826086956
5 0.6441947565543071 0.9260869565217391 0.04868913857677903 0.11304347826086956
9 0.29213483146067415 0.908695652173913 0.052434456928838954 0.11304347826086956
7 0.3539325842696629 0.908695652173913 0.04868913857677903 0.11304347826086956
1 0.17228464419475656 0.9043478260869565 0.03745318352059925 0.10434782608695652
5 0.7715355805243446 0.9260869565217391 0.04868913857677903 0.11304347826086956