5 0.580327868852459 0.8861607142857143 0.05573770491803279 0.09821428571428571
0 0.18032786885245902 0.8839285714285714 0.05901639344262295 0.10267857142857142
9 0.42295081967213116 0.8861607142857143 0.05901639344262295 0.09821428571428571
6 0.8180327868852459 0.890625 0.05901639344262295 0.10267857142857142
1 0.7 0.8883928571428571 0.04918032786885246 0.09821428571428571
0 0.24098360655737705 0.8839285714285714 0.05901639344262295 0.10267857142857142
0 0.759016393442623 0.890625 0.05573770491803279 0.10267857142857142
9 0.639344262295082 0.8883928571428571 0.05573770491803279 0.09821428571428571
7 0.8803278688524591 0.890625 0.05901639344262295 0.10267857142857142
1 0.4819672131147541 0.8861607142857143 0.04590163934426229 0.09821428571428571
7 0.30327868852459017 0.8839285714285714 0.05901639344262295 0.10267857142857142
5 0.3622950819672131 0.8861607142857143 0.05573770491803279 0.10267857142857142
4 0.05573770491803279 0.8861607142857143 0.05901639344262295 0.10267857142857142