4 0.9035087719298246 0.4225092250922509 0.12280701754385964 0.055350553505535055
8 0.9181286549707602 0.23616236162361623 0.11695906432748537 0.05166051660516605
2 0.9298245614035088 0.17158671586715868 0.12280701754385964 0.055350553505535055
0 0.868421052631579 0.7675276752767528 0.12280701754385964 0.05166051660516605
0 0.8713450292397661 0.7084870848708487 0.11695906432748537 0.05166051660516605
3 0.9327485380116959 0.10516605166051661 0.11695906432748537 0.055350553505535055
7 0.9093567251461988 0.29704797047970477 0.11695906432748537 0.05166051660516605
3 0.8771929824561403 0.6476014760147601 0.11695906432748537 0.05166051660516605
3 0.8859649122807017 0.5885608856088561 0.11695906432748537 0.055350553505535055
0 0.8625730994152047 0.8265682656826568 0.11695906432748537 0.05166051660516605
9 0.8918128654970761 0.525830258302583 0.11695906432748537 0.055350553505535055
5 0.9064327485380117 0.35793357933579334 0.11695906432748537 0.04797047970479705
4 0.8567251461988304 0.9464944649446494 0.11695906432748537 0.05166051660516605