8 0.12015503875968993 0.7024647887323944 0.17829457364341086 0.0528169014084507
0 0.12790697674418605 0.4823943661971831 0.17054263565891473 0.056338028169014086
0 0.12403100775193798 0.6443661971830986 0.17829457364341086 0.056338028169014086
0 0.13178294573643412 0.5827464788732394 0.17054263565891473 0.056338028169014086
0 0.13565891472868216 0.1813380281690141 0.17054263565891473 0.056338028169014086
5 0.12015503875968993 0.823943661971831 0.17829457364341086 0.0528169014084507
3 0.12015503875968993 0.8820422535211268 0.17829457364341086 0.056338028169014086
4 0.14511627906976743 0.05316901408450704 0.17674418604651163 0.052640845070422534
0 0.14271317829457364 0.24059859154929578 0.17193798449612402 0.05781690140845071
0 0.13837209302325582 0.2993661971830986 0.17093023255813955 0.05644366197183099
4 0.13643410852713178 0.3638028169014084 0.1748062015503876 0.057711267605633804
0 0.13255813953488374 0.4225352112676056 0.18255813953488373 0.056373239436619725
0 0.1282170542635659 0.7600352112676056 0.1816279069767442 0.05207746478873239