2 0.31359649122807015 0.8896551724137931 0.04824561403508772 0.12413793103448276
6 0.3706140350877193 0.8896551724137931 0.05263157894736842 0.11724137931034483
0 0.19736842105263158 0.8896551724137931 0.05263157894736842 0.11724137931034483
0 0.2565789473684211 0.8896551724137931 0.05263157894736842 0.11724137931034483
0 0.743421052631579 0.8827586206896552 0.05263157894736842 0.11724137931034483
6 0.5745614035087719 0.8862068965517241 0.05263157894736842 0.11724137931034483
1 0.6293859649122807 0.8862068965517241 0.043859649122807015 0.1103448275862069
4 0.6842105263157895 0.8827586206896552 0.04824561403508772 0.1103448275862069
6 0.8574561403508771 0.8827586206896552 0.05263157894736842 0.11724137931034483
7 0.8004385964912281 0.8827586206896552 0.04824561403508772 0.11724137931034483
4 0.4276315789473684 0.8896551724137931 0.04824561403508772 0.11724137931034483
4 0.4824561403508772 0.8862068965517241 0.04824561403508772 0.11724137931034483
4 0.08114035087719298 0.8931034482758621 0.05263157894736842 0.11724137931034483