2 0.4765625 0.8279569892473119 0.0625 0.24731182795698925
8 0.279296875 0.8064516129032258 0.05859375 0.23655913978494625
5 0.6484375 0.8172043010752689 0.0546875 0.23655913978494625
0 0.216796875 0.7956989247311828 0.0546875 0.23655913978494625
8 0.775390625 0.7903225806451613 0.0546875 0.23655913978494625
0 0.583984375 0.8172043010752689 0.05859375 0.23655913978494625
0 0.408203125 0.8225806451612904 0.0625 0.23655913978494625
0 0.88671875 0.7580645161290323 0.046875 0.23655913978494625
0 0.16015625 0.7849462365591398 0.05078125 0.23655913978494625
4 0.712890625 0.8064516129032258 0.0546875 0.23655913978494625
7 0.83203125 0.7741935483870968 0.05078125 0.23655913978494625
4 0.341796875 0.8172043010752689 0.0546875 0.23655913978494625
4 0.056640625 0.7473118279569892 0.04296875 0.23655913978494625