8 0.7103004291845494 0.836 0.05150214592274678 0.144
2 0.7725321888412017 0.836 0.05150214592274678 0.152
8 0.06437768240343347 0.852 0.04721030042918455 0.144
2 0.8969957081545065 0.832 0.05150214592274678 0.152
0 0.6459227467811158 0.836 0.05150214592274678 0.144
0 0.1630901287553648 0.848 0.04721030042918455 0.144
7 0.47639484978540775 0.84 0.055793991416309016 0.152
1 0.8390557939914163 0.836 0.04721030042918455 0.144
0 0.22532188841201717 0.844 0.05150214592274678 0.144
3 0.41201716738197425 0.84 0.055793991416309016 0.152
5 0.3497854077253219 0.844 0.05150214592274678 0.152
4 0.2875536480686695 0.848 0.05150214592274678 0.152
6 0.5836909871244635 0.84 0.055793991416309016 0.144