3 0.8191056910569106 0.8968253968253969 0.052845528455284556 0.15873015873015872
5 0.30691056910569103 0.8849206349206349 0.052845528455284556 0.15873015873015872
4 0.7601626016260162 0.8968253968253969 0.052845528455284556 0.15079365079365079
4 0.07113821138211382 0.876984126984127 0.056910569105691054 0.15873015873015872
6 0.8760162601626016 0.9007936507936508 0.056910569105691054 0.15079365079365079
1 0.7052845528455285 0.8968253968253969 0.04878048780487805 0.14285714285714285
0 0.4268292682926829 0.8849206349206349 0.052845528455284556 0.15079365079365079
0 0.5833333333333334 0.8888888888888888 0.056910569105691054 0.15079365079365079
0 0.24796747967479674 0.8809523809523809 0.056910569105691054 0.15079365079365079
9 0.48577235772357724 0.8928571428571429 0.056910569105691054 0.15079365079365079
0 0.36585365853658536 0.8849206349206349 0.056910569105691054 0.15079365079365079
0 0.6422764227642277 0.8928571428571429 0.052845528455284556 0.15079365079365079
0 0.18699186991869918 0.8809523809523809 0.056910569105691054 0.15079365079365079