8 0.7113207547169811 0.9104046242774566 0.04905660377358491 0.10982658959537572
8 0.8358490566037736 0.9132947976878613 0.04905660377358491 0.10982658959537572
2 0.8962264150943396 0.9161849710982659 0.04905660377358491 0.12138728323699421
6 0.1792452830188679 0.8988439306358381 0.04905660377358491 0.11560693641618497
0 0.4830188679245283 0.9017341040462428 0.04905660377358491 0.11560693641618497
0 0.4207547169811321 0.8988439306358381 0.04905660377358491 0.11560693641618497
0 0.5867924528301887 0.9046242774566474 0.04905660377358491 0.10982658959537572
4 0.7735849056603774 0.9132947976878613 0.04905660377358491 0.10982658959537572
0 0.3 0.8988439306358381 0.04905660377358491 0.11560693641618497
6 0.6490566037735849 0.9104046242774566 0.04905660377358491 0.10982658959537572
7 0.052830188679245285 0.9046242774566474 0.052830188679245285 0.12138728323699421
4 0.3622641509433962 0.9017341040462428 0.04905660377358491 0.11560693641618497
1 0.24150943396226415 0.8988439306358381 0.045283018867924525 0.11560693641618497