8 0.2623318385650224 0.9371794871794872 0.05605381165919283 0.07948717948717948
6 0.7062780269058296 0.6935897435897436 0.04484304932735426 0.08205128205128205
3 0.44730941704035876 0.8397435897435898 0.053811659192825115 0.08717948717948718
0 0.5818385650224215 0.7628205128205128 0.05605381165919283 0.07948717948717948
4 0.7959641255605381 0.6448717948717949 0.04932735426008968 0.06923076923076923
0 0.5369955156950673 0.7871794871794872 0.0515695067264574 0.07435897435897436
0 0.7488789237668162 0.6717948717948717 0.053811659192825115 0.07179487179487179
0 0.35538116591928254 0.8884615384615384 0.05605381165919283 0.07948717948717948
0 0.4024663677130045 0.8615384615384616 0.05605381165919283 0.07435897435897436
0 0.8385650224215246 0.6230769230769231 0.053811659192825115 0.07179487179487179
0 0.492152466367713 0.8128205128205128 0.053811659192825115 0.07692307692307693
4 0.8856502242152466 0.5987179487179487 0.04932735426008968 0.0641025641025641
3 0.6591928251121076 0.7205128205128205 0.05829596412556054 0.08461538461538462