2 0.5665236051502146 0.9176470588235294 0.05150214592274678 0.10588235294117647
8 0.8583690987124464 0.9235294117647059 0.05150214592274678 0.1
4 0.7424892703862661 0.9205882352941176 0.04721030042918455 0.1
0 0.23390557939914164 0.9058823529411765 0.05150214592274678 0.10588235294117647
9 0.4678111587982833 0.9147058823529411 0.04721030042918455 0.10588235294117647
0 0.8004291845493562 0.9205882352941176 0.04721030042918455 0.1
0 0.6824034334763949 0.9176470588235294 0.05150214592274678 0.10588235294117647
4 0.06223175965665236 0.9058823529411765 0.04721030042918455 0.10588235294117647
0 0.1759656652360515 0.9058823529411765 0.04721030042918455 0.10588235294117647
0 0.2918454935622318 0.9088235294117647 0.05150214592274678 0.10588235294117647
5 0.3497854077253219 0.9117647058823529 0.04721030042918455 0.10588235294117647
5 0.6244635193133047 0.9176470588235294 0.04721030042918455 0.10588235294117647
3 0.40772532188841204 0.9117647058823529 0.05150214592274678 0.10588235294117647