0 0.16857142857142857 0.8389261744966443 0.054285714285714284 0.18120805369127516
6 0.4657142857142857 0.8355704697986577 0.054285714285714284 0.174496644295302
0 0.6814285714285714 0.825503355704698 0.05142857142857143 0.174496644295302
1 0.4085714285714286 0.8355704697986577 0.045714285714285714 0.174496644295302
0 0.28714285714285714 0.8355704697986577 0.054285714285714284 0.18120805369127516
0 0.6228571428571429 0.8288590604026845 0.05142857142857143 0.174496644295302
0 0.22714285714285715 0.8355704697986577 0.054285714285714284 0.18120805369127516
4 0.7985714285714286 0.8288590604026845 0.05142857142857143 0.174496644295302
0 0.74 0.825503355704698 0.054285714285714284 0.174496644295302
5 0.34714285714285714 0.8389261744966443 0.054285714285714284 0.18791946308724833
8 0.5642857142857143 0.8322147651006712 0.04857142857142857 0.174496644295302
6 0.8571428571428571 0.825503355704698 0.04857142857142857 0.174496644295302
4 0.07 0.8422818791946308 0.054285714285714284 0.174496644295302