2 0.905511811023622 0.11940298507462686 0.16535433070866143 0.05970149253731343
4 0.8976377952755905 0.2462686567164179 0.16535433070866143 0.055970149253731345
2 0.8700787401574803 0.6529850746268657 0.16535433070866143 0.055970149253731345
3 0.8622047244094488 0.7145522388059702 0.16535433070866143 0.05970149253731343
1 0.8818897637795275 0.42723880597014924 0.16535433070866143 0.048507462686567165
0 0.9015748031496063 0.18097014925373134 0.16535433070866143 0.05970149253731343
0 0.889763779527559 0.3675373134328358 0.16535433070866143 0.05970149253731343
0 0.8779527559055118 0.5317164179104478 0.16535433070866143 0.05970149253731343
0 0.8543307086614174 0.8339552238805971 0.16535433070866143 0.055970149253731345
0 0.8700787401574803 0.5932835820895522 0.16535433070866143 0.05970149253731343
5 0.8937007874015748 0.30597014925373134 0.16535433070866143 0.055970149253731345
1 0.8582677165354331 0.7723880597014925 0.15748031496062992 0.048507462686567165
4 0.8464566929133859 0.9552238805970149 0.15748031496062992 0.055970149253731345