0 0.4745098039215686 0.90625 0.050980392156862744 0.11363636363636363
2 0.8725490196078431 0.90625 0.047058823529411764 0.11931818181818182
0 0.41568627450980394 0.90625 0.050980392156862744 0.11931818181818182
0 0.5764705882352941 0.90625 0.050980392156862744 0.11931818181818182
0 0.296078431372549 0.90625 0.050980392156862744 0.11931818181818182
6 0.6352941176470588 0.90625 0.047058823529411764 0.11363636363636363
1 0.23921568627450981 0.9090909090909091 0.043137254901960784 0.10795454545454546
6 0.1784313725490196 0.9090909090909091 0.047058823529411764 0.11363636363636363
4 0.35490196078431374 0.9090909090909091 0.047058823529411764 0.11363636363636363
4 0.7529411764705882 0.9034090909090909 0.043137254901960784 0.11363636363636363
8 0.696078431372549 0.9034090909090909 0.047058823529411764 0.10795454545454546
7 0.056862745098039215 0.9119318181818182 0.050980392156862744 0.11931818181818182
8 0.8156862745098039 0.9034090909090909 0.047058823529411764 0.11363636363636363