2 0.1308411214953271 0.3068181818181818 0.09345794392523364 0.056818181818181816
2 0.1378504672897196 0.696969696969697 0.09345794392523364 0.056818181818181816
2 0.13317757009345793 0.36553030303030304 0.09345794392523364 0.056818181818181816
2 0.1378504672897196 0.6401515151515151 0.09345794392523364 0.05303030303030303
0 0.1308411214953271 0.24621212121212122 0.09345794392523364 0.056818181818181816
6 0.14018691588785046 0.7537878787878788 0.08878504672897196 0.05303030303030303
0 0.1425233644859813 0.8125 0.09345794392523364 0.05303030303030303
0 0.1308411214953271 0.1856060606060606 0.09345794392523364 0.056818181818181816
4 0.1378504672897196 0.5833333333333334 0.09345794392523364 0.05303030303030303
4 0.1425233644859813 0.8693181818181818 0.08878504672897196 0.05303030303030303
9 0.1352336448598131 0.48484848484848486 0.09401869158878505 0.05303030303030303
3 0.13551401869158877 0.42613636363636365 0.09345794392523364 0.06060606060606061
4 0.12962616822429907 0.05651515151515152 0.10467289719626167 0.06166666666666667