2 0.8592592592592593 0.7304347826086957 0.13333333333333333 0.05652173913043478
2 0.8740740740740741 0.43478260869565216 0.13333333333333333 0.06086956521739131
4 0.8555555555555555 0.9478260869565217 0.1259259259259259 0.05217391304347826
3 0.8777777777777778 0.30434782608695654 0.13333333333333333 0.05652173913043478
5 0.8666666666666667 0.5413043478260869 0.13333333333333333 0.05652173913043478
0 0.8518518518518519 0.8543478260869565 0.13333333333333333 0.05652173913043478
0 0.8555555555555555 0.7913043478260869 0.1259259259259259 0.05652173913043478
7 0.8666666666666667 0.6065217391304348 0.13333333333333333 0.05652173913043478
6 0.8814814814814815 0.24130434782608695 0.13333333333333333 0.05652173913043478
6 0.8777777777777778 0.3717391304347826 0.13333333333333333 0.06086956521739131
0 0.8888888888888888 0.10869565217391304 0.13333333333333333 0.06086956521739131
5 0.8629629629629629 0.6673913043478261 0.1259259259259259 0.05217391304347826
4 0.8882962962962964 0.17443478260869563 0.12118518518518519 0.06104347826086956