2 0.8087649402390438 0.8221153846153846 0.05179282868525897 0.17307692307692307
2 0.3605577689243028 0.8173076923076923 0.04780876494023904 0.17307692307692307
0 0.18127490039840638 0.8221153846153846 0.05179282868525897 0.17307692307692307
4 0.04780876494023904 0.8365384615384616 0.05179282868525897 0.16346153846153846
0 0.2410358565737052 0.8173076923076923 0.05179282868525897 0.17307692307692307
0 0.5717131474103586 0.8125 0.05179282868525897 0.17307692307692307
0 0.47808764940239046 0.8125 0.04780876494023904 0.16346153846153846
5 0.6294820717131474 0.8173076923076923 0.05179282868525897 0.17307692307692307
9 0.4203187250996016 0.8173076923076923 0.04780876494023904 0.17307692307692307
9 0.300796812749004 0.8221153846153846 0.05179282868525897 0.17307692307692307
9 0.8665338645418327 0.8269230769230769 0.05179282868525897 0.17307692307692307
8 0.6872509960159362 0.8173076923076923 0.04780876494023904 0.16346153846153846
6 0.749003984063745 0.8173076923076923 0.04780876494023904 0.17307692307692307