2 0.4274193548387097 0.9205128205128205 0.05241935483870968 0.09230769230769231
8 0.3649193548387097 0.9205128205128205 0.05241935483870968 0.09230769230769231
0 0.1774193548387097 0.9256410256410257 0.05241935483870968 0.09230769230769231
4 0.594758064516129 0.9179487179487179 0.04838709677419355 0.08717948717948718
0 0.2399193548387097 0.9256410256410257 0.05241935483870968 0.09230769230769231
0 0.782258064516129 0.9153846153846154 0.05241935483870968 0.09230769230769231
5 0.655241935483871 0.9179487179487179 0.05241935483870968 0.09230769230769231
6 0.719758064516129 0.9179487179487179 0.05241935483870968 0.08717948717948718
6 0.3024193548387097 0.9230769230769231 0.05241935483870968 0.09230769230769231
5 0.4879032258064516 0.9179487179487179 0.05241935483870968 0.09230769230769231
6 0.844758064516129 0.9153846153846154 0.05241935483870968 0.09230769230769231
4 0.07459677419354839 0.9282051282051282 0.05241935483870968 0.09230769230769231
6 0.907258064516129 0.9153846153846154 0.04838709677419355 0.09230769230769231