8 0.7841409691629956 0.9 0.05726872246696035 0.11515151515151516
4 0.048458149779735685 0.8848484848484849 0.05726872246696035 0.12121212121212122
8 0.7202643171806168 0.9 0.05726872246696035 0.11515151515151516
0 0.23127753303964757 0.8848484848484849 0.05726872246696035 0.10909090909090909
3 0.42290748898678415 0.8878787878787879 0.05726872246696035 0.11515151515151516
0 0.16740088105726872 0.8848484848484849 0.05726872246696035 0.11515151515151516
3 0.5947136563876652 0.8939393939393939 0.06167400881057269 0.11515151515151516
3 0.3590308370044053 0.8878787878787879 0.05726872246696035 0.11515151515151516
6 0.2973568281938326 0.8878787878787879 0.05726872246696035 0.11515151515151516
3 0.486784140969163 0.8909090909090909 0.05726872246696035 0.11515151515151516
1 0.8458149779735683 0.9 0.048458149779735685 0.10909090909090909
5 0.6563876651982379 0.896969696969697 0.05286343612334802 0.11515151515151516
4 0.9096916299559471 0.9 0.05726872246696035 0.11515151515151516