9 0.2951388888888889 0.9427792915531336 0.04861111111111111 0.05449591280653951
0 0.3541666666666667 0.9427792915531336 0.04861111111111111 0.05449591280653951
0 0.18229166666666666 0.9427792915531336 0.04513888888888889 0.051771117166212535
0 0.5677083333333334 0.9427792915531336 0.04513888888888889 0.05449591280653951
0 0.2378472222222222 0.9427792915531336 0.04513888888888889 0.051771117166212535
1 0.4114583333333333 0.944141689373297 0.03819444444444445 0.05449591280653951
8 0.6840277777777778 0.944141689373297 0.041666666666666664 0.05449591280653951
7 0.4722222222222222 0.944141689373297 0.04513888888888889 0.05449591280653951
6 0.7951388888888888 0.946866485013624 0.04513888888888889 0.04904632152588556
4 0.0798611111111111 0.94141689373297 0.04513888888888889 0.05449591280653951
5 0.7361111111111112 0.9427792915531336 0.04513888888888889 0.05449591280653951
6 0.8559027777777778 0.946866485013624 0.041666666666666664 0.04904632152588556
6 0.6232638888888888 0.9455040871934605 0.04513888888888889 0.051771117166212535