2 0.40315315315315314 0.8629032258064516 0.04954954954954955 0.12903225806451613
8 0.34684684684684686 0.8629032258064516 0.04954954954954955 0.12096774193548387
8 0.7972972972972973 0.8588709677419355 0.04504504504504504 0.12096774193548387
0 0.16891891891891891 0.8629032258064516 0.04954954954954955 0.12903225806451613
0 0.22747747747747749 0.8629032258064516 0.04954954954954955 0.12903225806451613
9 0.7387387387387387 0.8588709677419355 0.04504504504504504 0.12096774193548387
0 0.8558558558558559 0.8548387096774194 0.04954954954954955 0.12096774193548387
1 0.5675675675675675 0.8629032258064516 0.04054054054054054 0.12096774193548387
6 0.6801801801801802 0.8629032258064516 0.04954954954954955 0.12903225806451613
4 0.07207207207207207 0.8669354838709677 0.04954954954954955 0.12903225806451613
6 0.28603603603603606 0.8669354838709677 0.04954954954954955 0.12096774193548387
5 0.4617117117117117 0.8629032258064516 0.04954954954954955 0.12903225806451613
5 0.6216216216216216 0.8629032258064516 0.04954954954954955 0.12903225806451613