0 0.26805555555555555 0.8145695364238411 0.05277777777777778 0.1986754966887417
4 0.0375 0.8145695364238411 0.04722222222222222 0.18543046357615894
9 0.3333333333333333 0.8145695364238411 0.05555555555555555 0.1986754966887417
0 0.6986111111111111 0.7913907284768212 0.05277777777777778 0.1986754966887417
4 0.6388888888888888 0.7947019867549668 0.05 0.2052980132450331
6 0.825 0.7880794701986755 0.05277777777777778 0.19205298013245034
3 0.7625 0.7880794701986755 0.05277777777777778 0.1986754966887417
3 0.3972222222222222 0.8079470198675497 0.05277777777777778 0.2119205298013245
1 0.20694444444444443 0.8145695364238411 0.044444444444444446 0.1986754966887417
5 0.8861111111111111 0.7880794701986755 0.05 0.1986754966887417
7 0.14583333333333334 0.8145695364238411 0.05 0.2052980132450331
3 0.5736111111111111 0.8079470198675497 0.05555555555555555 0.2052980132450331
7 0.4625 0.8145695364238411 0.05 0.19205298013245034