2 0.7145454545454546 0.8385416666666666 0.05090909090909091 0.21875
8 0.8981818181818182 0.8385416666666666 0.05090909090909091 0.20833333333333334
8 0.3618181818181818 0.8333333333333334 0.05454545454545454 0.20833333333333334
4 0.5909090909090909 0.8333333333333334 0.04727272727272727 0.20833333333333334
0 0.42363636363636364 0.8333333333333334 0.05090909090909091 0.20833333333333334
4 0.05272727272727273 0.828125 0.05090909090909091 0.20833333333333334
0 0.48545454545454547 0.828125 0.05090909090909091 0.20833333333333334
0 0.1781818181818182 0.8229166666666666 0.05090909090909091 0.20833333333333334
0 0.24 0.828125 0.05454545454545454 0.21875
5 0.3018181818181818 0.8333333333333334 0.05090909090909091 0.20833333333333334
6 0.8381818181818181 0.8385416666666666 0.05090909090909091 0.21875
0 0.6527272727272727 0.8333333333333334 0.05454545454545454 0.20833333333333334
9 0.7745454545454545 0.8333333333333334 0.05454545454545454 0.20833333333333334