8 0.4834710743801653 0.875 0.049586776859504134 0.1532258064516129
4 0.365702479338843 0.8709677419354839 0.049586776859504134 0.1532258064516129
8 0.8285123966942148 0.8669354838709677 0.045454545454545456 0.1532258064516129
9 0.7128099173553719 0.8669354838709677 0.05371900826446281 0.14516129032258066
6 0.890495867768595 0.8669354838709677 0.05371900826446281 0.1532258064516129
0 0.18801652892561985 0.8709677419354839 0.049586776859504134 0.1532258064516129
1 0.4214876033057851 0.8709677419354839 0.04132231404958678 0.14516129032258066
0 0.7727272727272727 0.8629032258064516 0.049586776859504134 0.1532258064516129
0 0.24793388429752067 0.8709677419354839 0.049586776859504134 0.14516129032258066
4 0.6528925619834711 0.8709677419354839 0.049586776859504134 0.1532258064516129
4 0.06198347107438017 0.875 0.049586776859504134 0.16129032258064516
1 0.5909090909090909 0.8709677419354839 0.04132231404958678 0.1532258064516129
9 0.30785123966942146 0.875 0.05371900826446281 0.1532258064516129