8 0.46229508196721314 0.8876811594202898 0.04918032786885246 0.14492753623188406
8 0.34098360655737703 0.8913043478260869 0.04918032786885246 0.14492753623188406
0 0.16229508196721312 0.8876811594202898 0.04918032786885246 0.15217391304347827
0 0.4016393442622951 0.8876811594202898 0.04918032786885246 0.15217391304347827
0 0.5639344262295082 0.8876811594202898 0.04918032786885246 0.14492753623188406
5 0.2819672131147541 0.8876811594202898 0.04918032786885246 0.15217391304347827
0 0.22295081967213115 0.8876811594202898 0.05245901639344262 0.15217391304347827
4 0.06229508196721312 0.8913043478260869 0.04590163934426229 0.15217391304347827
0 0.6852459016393443 0.8913043478260869 0.05245901639344262 0.14492753623188406
0 0.8065573770491803 0.8913043478260869 0.05245901639344262 0.15217391304347827
1 0.6295081967213115 0.894927536231884 0.04262295081967213 0.14492753623188406
7 0.7459016393442623 0.894927536231884 0.04918032786885246 0.15217391304347827
7 0.8672131147540983 0.894927536231884 0.04918032786885246 0.15217391304347827