2 0.6082474226804123 0.9210526315789473 0.061855670103092786 0.14619883040935672
2 0.3127147766323024 0.9181286549707602 0.058419243986254296 0.14619883040935672
2 0.7371134020618557 0.9152046783625731 0.058419243986254296 0.15204678362573099
6 0.5 0.9210526315789473 0.061855670103092786 0.14035087719298245
6 0.3745704467353952 0.9210526315789473 0.058419243986254296 0.14035087719298245
0 0.7989690721649485 0.9122807017543859 0.058419243986254296 0.15204678362573099
4 0.06701030927835051 0.9122807017543859 0.058419243986254296 0.15204678362573099
0 0.2508591065292096 0.9152046783625731 0.058419243986254296 0.14619883040935672
0 0.19072164948453607 0.9152046783625731 0.054982817869415807 0.14619883040935672
4 0.8573883161512027 0.9035087719298246 0.05154639175257732 0.14619883040935672
2 0.9089347079037801 0.8947368421052632 0.048109965635738834 0.14035087719298245
1 0.6735395189003437 0.9181286549707602 0.05154639175257732 0.14035087719298245
7 0.436426116838488 0.9181286549707602 0.061855670103092786 0.14619883040935672