0 0.18471337579617833 0.8518518518518519 0.054140127388535034 0.23148148148148148
0 0.3089171974522293 0.8564814814814815 0.054140127388535034 0.23148148148148148
0 0.6640127388535032 0.8564814814814815 0.050955414012738856 0.23148148148148148
0 0.6019108280254777 0.8564814814814815 0.050955414012738856 0.23148148148148148
0 0.24681528662420382 0.8564814814814815 0.054140127388535034 0.23148148148148148
8 0.7866242038216561 0.8657407407407407 0.050955414012738856 0.23148148148148148
0 0.7245222929936306 0.8611111111111112 0.054140127388535034 0.23148148148148148
4 0.37261146496815284 0.8564814814814815 0.050955414012738856 0.23148148148148148
4 0.05732484076433121 0.8564814814814815 0.054140127388535034 0.24074074074074073
3 0.8503184713375797 0.8611111111111112 0.054140127388535034 0.24074074074074073
4 0.43471337579617836 0.8611111111111112 0.050955414012738856 0.23148148148148148
5 0.49522292993630573 0.8564814814814815 0.050955414012738856 0.23148148148148148
8 0.910828025477707 0.8703703703703703 0.050955414012738856 0.23148148148148148