2 0.868421052631579 0.22511848341232227 0.16842105263157894 0.05687203791469194
2 0.8368421052631579 0.7061611374407583 0.16842105263157894 0.05687203791469194
0 0.8315789473684211 0.8293838862559242 0.16842105263157894 0.05687203791469194
0 0.8315789473684211 0.7677725118483413 0.16842105263157894 0.052132701421800945
6 0.868421052631579 0.16350710900473933 0.16842105263157894 0.05687203791469194
0 0.8578947368421053 0.2890995260663507 0.16842105263157894 0.05687203791469194
5 0.8421052631578947 0.6445497630331753 0.16842105263157894 0.05687203791469194
1 0.8526315789473684 0.41232227488151657 0.16842105263157894 0.04739336492890995
5 0.8473684210526315 0.518957345971564 0.16842105263157894 0.052132701421800945
9 0.8578947368421053 0.35071090047393366 0.16842105263157894 0.052132701421800945
4 0.8263157894736842 0.9549763033175356 0.17894736842105263 0.05687203791469194
7 0.8421052631578947 0.580568720379147 0.17894736842105263 0.05687203791469194
7 0.868421052631579 0.0971563981042654 0.17894736842105263 0.052132701421800945