8 0.060294117647058824 0.9479166666666666 0.058823529411764705 0.10416666666666667
2 0.4338235294117647 0.95 0.05588235294117647 0.1
0 0.24705882352941178 0.9479166666666666 0.058823529411764705 0.10416666666666667
0 0.18676470588235294 0.9479166666666666 0.058823529411764705 0.10416666666666667
0 0.6014705882352941 0.95 0.061764705882352944 0.1
0 0.4970588235294118 0.95 0.061764705882352944 0.1
0 0.6647058823529411 0.9520833333333333 0.061764705882352944 0.09583333333333334
1 0.31176470588235294 0.9520833333333333 0.047058823529411764 0.09583333333333334
3 0.85 0.95 0.058823529411764705 0.1
7 0.7279411764705882 0.95 0.061764705882352944 0.1
5 0.9102941176470588 0.95 0.052941176470588235 0.1
4 0.7867647058823529 0.9520833333333333 0.05588235294117647 0.09583333333333334
4 0.3720588235294118 0.95 0.05588235294117647 0.1