1 0.33710407239819007 0.8120805369127517 0.04072398190045249 0.1476510067114094
1 0.2330316742081448 0.8053691275167785 0.04072398190045249 0.14093959731543623
0 0.5588235294117647 0.8221476510067114 0.04524886877828054 0.14093959731543623
4 0.8868778280542986 0.8389261744966443 0.04524886877828054 0.1476510067114094
0 0.38461538461538464 0.8120805369127517 0.04524886877828054 0.1476510067114094
0 0.6221719457013575 0.8221476510067114 0.04524886877828054 0.14093959731543623
4 0.6900452488687783 0.8288590604026845 0.04524886877828054 0.15436241610738255
2 0.12669683257918551 0.802013422818792 0.04524886877828054 0.1476510067114094
6 0.28054298642533937 0.8053691275167785 0.04072398190045249 0.1476510067114094
2 0.17873303167420815 0.802013422818792 0.04524886877828054 0.1476510067114094
3 0.43665158371040724 0.8154362416107382 0.04072398190045249 0.1476510067114094
6 0.8212669683257918 0.8355704697986577 0.04524886877828054 0.14093959731543623
5 0.753393665158371 0.8322147651006712 0.049773755656108594 0.15436241610738255