1 0.8472222222222222 0.7199312714776632 0.1527777777777778 0.044673539518900345
2 0.8715277777777778 0.3402061855670103 0.1527777777777778 0.054982817869415807
4 0.8854166666666666 0.16323024054982818 0.1527777777777778 0.054982817869415807
1 0.8645833333333334 0.45532646048109965 0.1527777777777778 0.044673539518900345
4 0.8472222222222222 0.6666666666666666 0.1527777777777778 0.05154639175257732
0 0.8333333333333334 0.8316151202749141 0.14583333333333334 0.05154639175257732
4 0.8229166666666666 0.9432989690721649 0.1527777777777778 0.054982817869415807
9 0.8784722222222222 0.281786941580756 0.1527777777777778 0.054982817869415807
0 0.8368055555555556 0.7766323024054983 0.1527777777777778 0.05154639175257732
9 0.8506944444444444 0.6116838487972509 0.1527777777777778 0.054982817869415807
6 0.8680555555555556 0.39862542955326463 0.14583333333333334 0.054982817869415807
9 0.8541666666666666 0.5532646048109966 0.14583333333333334 0.054982817869415807
5 0.8819444444444444 0.22164948453608246 0.1527777777777778 0.05154639175257732