2 0.8569131832797428 0.8888888888888888 0.05144694533762058 0.1111111111111111
2 0.4517684887459807 0.8464052287581699 0.05144694533762058 0.10457516339869281
2 0.2765273311897106 0.8333333333333334 0.05144694533762058 0.10457516339869281
8 0.5691318327974276 0.8594771241830066 0.05144694533762058 0.10457516339869281
1 0.21864951768488747 0.826797385620915 0.04180064308681672 0.09803921568627451
1 0.6270096463022508 0.8627450980392157 0.04180064308681672 0.09803921568627451
1 0.684887459807074 0.8725490196078431 0.04501607717041801 0.09803921568627451
4 0.03858520900321544 0.8137254901960784 0.05144694533762058 0.09803921568627451
9 0.3954983922829582 0.8431372549019608 0.05144694533762058 0.09803921568627451
9 0.7990353697749196 0.8823529411764706 0.05144694533762058 0.10457516339869281
9 0.3360128617363344 0.8366013071895425 0.05144694533762058 0.09803921568627451
0 0.7411575562700965 0.8758169934640523 0.05144694533762058 0.10457516339869281
0 0.1592926045016077 0.8227450980392157 0.04993569131832797 0.0984967320261438