5 0.28405797101449276 0.8936170212765957 0.05217391304347826 0.13829787234042554
0 0.6753623188405797 0.8909574468085106 0.04927536231884058 0.13297872340425532
0 0.7927536231884058 0.8909574468085106 0.04927536231884058 0.13297872340425532
0 0.8492753623188406 0.8909574468085106 0.04927536231884058 0.13297872340425532
0 0.2246376811594203 0.8936170212765957 0.05217391304347826 0.13297872340425532
4 0.06956521739130435 0.8962765957446809 0.04927536231884058 0.1276595744680851
6 0.4 0.8909574468085106 0.04927536231884058 0.13297872340425532
0 0.618840579710145 0.8909574468085106 0.04927536231884058 0.13297872340425532
9 0.7347826086956522 0.8909574468085106 0.04927536231884058 0.13297872340425532
0 0.16521739130434782 0.8909574468085106 0.04927536231884058 0.13829787234042554
5 0.34202898550724636 0.8909574468085106 0.05217391304347826 0.13829787234042554
7 0.5594202898550724 0.8936170212765957 0.05217391304347826 0.13829787234042554
8 0.45942028985507244 0.8936170212765957 0.04927536231884058 0.13297872340425532