9 0.4911894273127753 0.9018987341772152 0.05286343612334802 0.12025316455696203
5 0.31277533039647576 0.9018987341772152 0.048458149779735685 0.12658227848101267
0 0.6497797356828194 0.8987341772151899 0.05286343612334802 0.12025316455696203
0 0.3722466960352423 0.9018987341772152 0.05286343612334802 0.12025316455696203
1 0.711453744493392 0.8955696202531646 0.04405286343612335 0.11392405063291139
4 0.07048458149779736 0.9018987341772152 0.048458149779735685 0.12025316455696203
0 0.8788546255506607 0.8924050632911392 0.048458149779735685 0.12025316455696203
0 0.19383259911894274 0.9018987341772152 0.048458149779735685 0.12025316455696203
0 0.2533039647577093 0.9018987341772152 0.05286343612334802 0.12025316455696203
0 0.5903083700440529 0.8987341772151899 0.048458149779735685 0.11392405063291139
0 0.43171806167400884 0.9018987341772152 0.048458149779735685 0.12025316455696203
7 0.8237885462555066 0.8924050632911392 0.048458149779735685 0.11392405063291139
8 0.76431718061674 0.8955696202531646 0.048458149779735685 0.11392405063291139