2 0.2929824561403509 0.8928571428571429 0.056140350877192984 0.16326530612244897
5 0.7298245614035088 0.8775510204081632 0.05263157894736842 0.1836734693877551
5 0.7929824561403509 0.8673469387755102 0.05263157894736842 0.1836734693877551
5 0.6017543859649123 0.8877551020408163 0.056140350877192984 0.17346938775510204
0 0.1649122807017544 0.8826530612244898 0.056140350877192984 0.17346938775510204
3 0.42105263157894735 0.8979591836734694 0.05964912280701754 0.17346938775510204
2 0.356140350877193 0.8928571428571429 0.056140350877192984 0.16326530612244897
0 0.22807017543859648 0.8877551020408163 0.05964912280701754 0.16326530612244897
0 0.8526315789473684 0.8469387755102041 0.05263157894736842 0.1836734693877551
6 0.9122807017543859 0.8367346938775511 0.04912280701754386 0.16326530612244897
9 0.6666666666666666 0.8782653061224489 0.056140350877192984 0.17489795918367348
9 0.48771929824561405 0.8928571428571429 0.056140350877192984 0.15306122448979592
2 0.04736842105263158 0.8622448979591837 0.05263157894736842 0.15306122448979592