4 0.05121951219512195 0.85 0.04390243902439024 0.16666666666666666
2 0.8975609756097561 0.8333333333333334 0.04390243902439024 0.17777777777777778
0 0.15121951219512195 0.8444444444444444 0.04878048780487805 0.16666666666666666
0 0.6365853658536585 0.8388888888888889 0.04878048780487805 0.16666666666666666
0 0.4097560975609756 0.8388888888888889 0.04878048780487805 0.16666666666666666
0 0.7658536585365854 0.8333333333333334 0.04878048780487805 0.16666666666666666
1 0.2146341463414634 0.85 0.04878048780487805 0.16666666666666666
6 0.7024390243902439 0.8388888888888889 0.04878048780487805 0.16666666666666666
9 0.8317073170731707 0.8333333333333334 0.04878048780487805 0.16666666666666666
3 0.3439024390243902 0.8388888888888889 0.05365853658536585 0.17777777777777778
3 0.2780487804878049 0.8444444444444444 0.05365853658536585 0.16666666666666666
7 0.47317073170731705 0.8388888888888889 0.04878048780487805 0.17777777777777778
3 0.573170731707317 0.8388888888888889 0.04878048780487805 0.16666666666666666