2 0.6112412177985949 0.9004739336492891 0.04215456674473068 0.12796208530805686
8 0.05737704918032787 0.9052132701421801 0.03981264637002342 0.12796208530805686
0 0.1756440281030445 0.9052132701421801 0.04215456674473068 0.12322274881516587
8 0.35011709601873536 0.9028436018957346 0.04215456674473068 0.12322274881516587
5 0.5550351288056206 0.8981042654028436 0.04215456674473068 0.12322274881516587
5 0.6697892271662763 0.8981042654028436 0.04215456674473068 0.12796208530805686
0 0.40866510538641687 0.9004739336492891 0.04215456674473068 0.12322274881516587
3 0.8489461358313818 0.8909952606635071 0.04449648711943794 0.12796208530805686
6 0.29156908665105385 0.9028436018957346 0.04215456674473068 0.12796208530805686
7 0.234192037470726 0.9028436018957346 0.04215456674473068 0.12796208530805686
9 0.468384074941452 0.9004739336492891 0.04215456674473068 0.12796208530805686
7 0.7283372365339579 0.8981042654028436 0.04449648711943794 0.12796208530805686
6 0.7903981264637002 0.8957345971563981 0.04449648711943794 0.12796208530805686