2 0.7448132780082988 0.8472222222222222 0.058091286307053944 0.18518518518518517
2 0.46473029045643155 0.8564814814814815 0.05394190871369295 0.18518518518518517
4 0.8049792531120332 0.8472222222222222 0.05394190871369295 0.18518518518518517
5 0.22821576763485477 0.8611111111111112 0.04979253112033195 0.18518518518518517
3 0.6867219917012448 0.8425925925925926 0.058091286307053944 0.19444444444444445
0 0.8651452282157677 0.8425925925925926 0.058091286307053944 0.18518518518518517
0 0.17012448132780084 0.8611111111111112 0.058091286307053944 0.18518518518518517
0 0.5663900414937759 0.8518518518518519 0.058091286307053944 0.18518518518518517
5 0.34647302904564314 0.8564814814814815 0.05394190871369295 0.18518518518518517
5 0.04564315352697095 0.8611111111111112 0.05394190871369295 0.19444444444444445
6 0.6265560165975104 0.8472222222222222 0.058091286307053944 0.19444444444444445
0 0.2863070539419087 0.8564814814814815 0.058091286307053944 0.18518518518518517
8 0.4066390041493776 0.8564814814814815 0.058091286307053944 0.18518518518518517