1 0.875 0.6506622516556292 0.10784313725490197 0.052980132450331126
4 0.8823529411764706 0.3675496688741722 0.10784313725490197 0.056291390728476824
8 0.8725490196078431 0.7086092715231788 0.10784313725490197 0.052980132450331126
3 0.8774509803921569 0.5314569536423841 0.11274509803921569 0.056291390728476824
8 0.8848039215686274 0.24172185430463577 0.10784313725490197 0.056291390728476824
0 0.8700980392156863 0.8245033112582781 0.10784313725490197 0.052980132450331126
3 0.8872549019607843 0.1771523178807947 0.11274509803921569 0.059602649006622516
0 0.8700980392156863 0.7665562913907285 0.10294117647058823 0.052980132450331126
0 0.8823529411764706 0.304635761589404 0.10784313725490197 0.052980132450331126
5 0.875 0.5894039735099338 0.10784313725490197 0.052980132450331126
1 0.8897058823529411 0.11258278145695365 0.10784313725490197 0.04966887417218543
7 0.8774509803921569 0.4288079470198676 0.11274509803921569 0.056291390728476824
4 0.8676470588235294 0.9403973509933775 0.11274509803921569 0.056291390728476824