3 0.8103448275862069 0.885 0.05747126436781609 0.22
4 0.04597701149425287 0.875 0.05363984674329502 0.22
5 0.34674329501915707 0.885 0.05363984674329502 0.22
0 0.1724137931034483 0.875 0.05363984674329502 0.22
0 0.22988505747126436 0.88 0.05363984674329502 0.22
8 0.6360153256704981 0.885 0.05363984674329502 0.22
6 0.867816091954023 0.89 0.05363984674329502 0.22
0 0.289272030651341 0.88 0.05363984674329502 0.22
7 0.4061302681992337 0.885 0.05363984674329502 0.23
4 0.5766283524904214 0.89 0.05363984674329502 0.22
7 0.7509578544061303 0.885 0.05363984674329502 0.22
6 0.46551724137931033 0.885 0.05747126436781609 0.22
4 0.6954022988505747 0.89 0.05363984674329502 0.22