8 0.16930379746835442 0.9017543859649123 0.060126582278481014 0.08421052631578947
0 0.5221518987341772 0.7403508771929824 0.06329113924050633 0.08070175438596491
0 0.6075949367088608 0.7017543859649122 0.056962025316455694 0.07719298245614035
4 0.42563291139240506 0.7824561403508772 0.056962025316455694 0.07719298245614035
0 0.2737341772151899 0.856140350877193 0.056962025316455694 0.08070175438596491
4 0.7563291139240507 0.6298245614035087 0.056962025316455694 0.07368421052631578
0 0.6613924050632911 0.6789473684210526 0.04746835443037975 0.07719298245614035
0 0.3259493670886076 0.8315789473684211 0.056962025316455694 0.08070175438596491
3 0.8022151898734177 0.6070175438596491 0.060126582278481014 0.08421052631578947
2 0.4762658227848101 0.7649122807017544 0.056962025316455694 0.08070175438596491
2 0.8496835443037974 0.5894736842105263 0.056962025316455694 0.08768421052631578
1 0.3764873417721519 0.8058245614035088 0.05079113924050633 0.07778947368421053
7 0.6992405063291139 0.6558947368421053 0.05401898734177215 0.07947368421052631