3 0.4642857142857143 0.9081632653061225 0.047619047619047616 0.08673469387755102
3 0.7936507936507936 0.9081632653061225 0.047619047619047616 0.08673469387755102
0 0.22817460317460317 0.9081632653061225 0.047619047619047616 0.08673469387755102
4 0.2876984126984127 0.9081632653061225 0.04365079365079365 0.08673469387755102
1 0.6150793650793651 0.9081632653061225 0.04365079365079365 0.08163265306122448
0 0.16865079365079366 0.9056122448979592 0.04365079365079365 0.08673469387755102
3 0.3472222222222222 0.9056122448979592 0.047619047619047616 0.08673469387755102
0 0.5575396825396826 0.9081632653061225 0.04365079365079365 0.08673469387755102
5 0.8511904761904762 0.9107142857142857 0.04365079365079365 0.08673469387755102
5 0.40476190476190477 0.9081632653061225 0.047619047619047616 0.08673469387755102
4 0.6746031746031746 0.9081632653061225 0.04365079365079365 0.08673469387755102
6 0.7341269841269841 0.9081632653061225 0.04365079365079365 0.08673469387755102
4 0.05555555555555555 0.9081632653061225 0.04365079365079365 0.08673469387755102