2 0.1188118811881188 0.7258687258687259 0.10396039603960396 0.05791505791505792
0 0.12623762376237624 0.5598455598455598 0.09900990099009901 0.05405405405405406
7 0.1188118811881188 0.7818532818532818 0.10396039603960396 0.05791505791505792
0 0.1311881188118812 0.18146718146718147 0.09900990099009901 0.05791505791505792
6 0.1188118811881188 0.6158301158301158 0.09900990099009901 0.05405405405405406
7 0.12128712871287128 0.6718146718146718 0.10396039603960396 0.05791505791505792
3 0.12623762376237624 0.45366795366795365 0.09900990099009901 0.05791505791505792
0 0.12871287128712872 0.23552123552123552 0.09900990099009901 0.05405405405405406
5 0.12871287128712872 0.39768339768339767 0.09900990099009901 0.05405405405405406
3 0.12871287128712872 0.3436293436293436 0.09900990099009901 0.05791505791505792
3 0.1248019801980198 0.8366023166023167 0.10678217821782178 0.06285714285714286
4 0.13356435643564357 0.0642084942084942 0.10099009900990098 0.054208494208494204
4 0.12861386138613862 0.2832818532818533 0.10504950495049505 0.05664092664092664