2 0.6271428571428571 0.7429906542056075 0.05142857142857143 0.2523364485981308
8 0.87 0.7336448598130841 0.04857142857142857 0.2523364485981308
0 0.15285714285714286 0.7383177570093458 0.05142857142857143 0.2523364485981308
6 0.81 0.7336448598130841 0.04857142857142857 0.2523364485981308
0 0.21571428571428572 0.7383177570093458 0.05142857142857143 0.2523364485981308
8 0.3385714285714286 0.7429906542056075 0.05142857142857143 0.2523364485981308
4 0.6885714285714286 0.7383177570093458 0.04857142857142857 0.2523364485981308
5 0.4614285714285714 0.7383177570093458 0.05142857142857143 0.2523364485981308
1 0.2814285714285714 0.7476635514018691 0.04285714285714286 0.2523364485981308
5 0.5657142857142857 0.7383177570093458 0.04857142857142857 0.2523364485981308
3 0.7485714285714286 0.7336448598130841 0.05142857142857143 0.2523364485981308
4 0.4 0.7429906542056075 0.045714285714285714 0.2523364485981308
4 0.05714285714285714 0.7523364485981309 0.045714285714285714 0.2523364485981308