0 0.3111888111888112 0.16428571428571428 0.05244755244755245 0.16428571428571428
9 0.527972027972028 0.175 0.05244755244755245 0.15714285714285714
3 0.3706293706293706 0.16785714285714284 0.05244755244755245 0.15714285714285714
5 0.1958041958041958 0.16071428571428573 0.05244755244755245 0.15714285714285714
0 0.8216783216783217 0.17857142857142858 0.05244755244755245 0.15714285714285714
4 0.9423076923076923 0.17857142857142858 0.055944055944055944 0.15714285714285714
1 0.42482517482517484 0.16785714285714284 0.045454545454545456 0.15714285714285714
0 0.7622377622377622 0.17857142857142858 0.05244755244755245 0.16428571428571428
7 0.2517482517482518 0.16428571428571428 0.05244755244755245 0.15714285714285714
9 0.5874125874125874 0.175 0.05244755244755245 0.16428571428571428
4 0.6468531468531469 0.175 0.05244755244755245 0.16428571428571428
1 0.701048951048951 0.175 0.045454545454545456 0.16428571428571428
5 0.13622377622377624 0.1527857142857143 0.04486013986013986 0.1685