8 0.5678571428571428 0.8649425287356322 0.05357142857142857 0.13218390804597702
2 0.6267857142857143 0.8649425287356322 0.05 0.13793103448275862
0 0.8053571428571429 0.8563218390804598 0.05357142857142857 0.13218390804597702
8 0.2857142857142857 0.8793103448275862 0.05357142857142857 0.13218390804597702
3 0.6857142857142857 0.8620689655172413 0.05714285714285714 0.14367816091954022
4 0.055357142857142855 0.8908045977011494 0.05357142857142857 0.13218390804597702
0 0.16071428571428573 0.882183908045977 0.05357142857142857 0.13218390804597702
4 0.7482142857142857 0.8591954022988506 0.05714285714285714 0.13218390804597702
3 0.46785714285714286 0.8706896551724138 0.05357142857142857 0.14367816091954022
9 0.34464285714285714 0.8764367816091954 0.05357142857142857 0.13218390804597702
8 0.8678571428571429 0.8563218390804598 0.05357142857142857 0.13218390804597702
0 0.22142857142857142 0.8793103448275862 0.05357142857142857 0.13218390804597702
1 0.40714285714285714 0.8735632183908046 0.04285714285714286 0.12643678160919541