8 0.636150234741784 0.8522727272727273 0.051643192488262914 0.19318181818181818
4 0.3568075117370892 0.8352272727272727 0.046948356807511735 0.18181818181818182
0 0.4107981220657277 0.8352272727272727 0.051643192488262914 0.18181818181818182
2 0.8591549295774648 0.8579545454545454 0.046948356807511735 0.19318181818181818
0 0.8028169014084507 0.8522727272727273 0.051643192488262914 0.18181818181818182
2 0.2981220657276995 0.8295454545454546 0.051643192488262914 0.19318181818181818
9 0.6901408450704225 0.8522727272727273 0.051643192488262914 0.19318181818181818
0 0.18544600938967137 0.8238636363636364 0.051643192488262914 0.19318181818181818
1 0.7464788732394366 0.8465909090909091 0.046948356807511735 0.18181818181818182
7 0.57981220657277 0.8465909090909091 0.046948356807511735 0.19318181818181818
1 0.23943661971830985 0.8295454545454546 0.046948356807511735 0.18181818181818182
4 0.051643192488262914 0.8181818181818182 0.051643192488262914 0.18181818181818182
6 0.4694835680751174 0.8409090909090909 0.051643192488262914 0.19318181818181818