8 0.4725 0.9214285714285714 0.05 0.10714285714285714
8 0.575 0.9214285714285714 0.05 0.10714285714285714
0 0.6925 0.9178571428571428 0.055 0.11428571428571428
5 0.2925 0.9214285714285714 0.05 0.11428571428571428
8 0.3525 0.9214285714285714 0.05 0.10714285714285714
9 0.7525 0.9214285714285714 0.05 0.11428571428571428
0 0.1725 0.9214285714285714 0.05 0.11428571428571428
0 0.2325 0.9178571428571428 0.05 0.11428571428571428
0 0.8125 0.9178571428571428 0.05 0.11428571428571428
4 0.05 0.9214285714285714 0.05 0.11428571428571428
0 0.4125 0.9178571428571428 0.05 0.11428571428571428
5 0.6325 0.9178571428571428 0.05 0.11428571428571428
7 0.8725 0.9214285714285714 0.05 0.11428571428571428