4 0.07021276595744681 0.9150943396226415 0.059574468085106386 0.11320754716981132
3 0.42127659574468085 0.9213836477987422 0.05531914893617021 0.11949685534591195
4 0.3638297872340426 0.9182389937106918 0.04680851063829787 0.11320754716981132
0 0.1851063829787234 0.9182389937106918 0.05531914893617021 0.11949685534591195
5 0.4787234042553192 0.9245283018867925 0.05531914893617021 0.11949685534591195
1 0.8085106382978723 0.9276729559748428 0.04680851063829787 0.1069182389937107
3 0.6361702127659574 0.9245283018867925 0.04680851063829787 0.11949685534591195
0 0.574468085106383 0.9245283018867925 0.059574468085106386 0.11949685534591195
3 0.30851063829787234 0.9213836477987422 0.05106382978723404 0.11949685534591195
8 0.8659574468085106 0.9308176100628931 0.06382978723404255 0.11320754716981132
0 0.7531914893617021 0.9276729559748428 0.05531914893617021 0.11949685534591195
0 0.6914893617021277 0.9276729559748428 0.05531914893617021 0.11949685534591195
3 0.24676595744680851 0.9156603773584906 0.05846808510638298 0.12465408805031447