2 0.7655502392344498 0.831858407079646 0.05263157894736842 0.13274336283185842
2 0.645933014354067 0.831858407079646 0.05263157894736842 0.13274336283185842
8 0.3588516746411483 0.8407079646017699 0.04784688995215311 0.13274336283185842
5 0.7057416267942583 0.827433628318584 0.05263157894736842 0.13274336283185842
5 0.4784688995215311 0.831858407079646 0.04784688995215311 0.13274336283185842
4 0.07655502392344497 0.8495575221238938 0.04784688995215311 0.13274336283185842
0 0.17464114832535885 0.8407079646017699 0.04784688995215311 0.13274336283185842
0 0.23684210526315788 0.8407079646017699 0.05263157894736842 0.13274336283185842
6 0.8277511961722488 0.827433628318584 0.04784688995215311 0.13274336283185842
4 0.41866028708133973 0.8362831858407079 0.04784688995215311 0.13274336283185842
1 0.29904306220095694 0.8407079646017699 0.0430622009569378 0.13274336283185842
5 0.583732057416268 0.831858407079646 0.05263157894736842 0.13274336283185842
6 0.8875598086124402 0.8230088495575221 0.04784688995215311 0.12389380530973451