4 0.0508130081300813 0.8333333333333334 0.056910569105691054 0.1590909090909091
0 0.17479674796747968 0.8371212121212122 0.052845528455284556 0.14393939393939395
0 0.7073170731707317 0.8674242424242424 0.056910569105691054 0.14393939393939395
5 0.766260162601626 0.8712121212121212 0.052845528455284556 0.15151515151515152
1 0.42276422764227645 0.8560606060606061 0.044715447154471545 0.14393939393939395
0 0.23577235772357724 0.8409090909090909 0.052845528455284556 0.14393939393939395
0 0.8272357723577236 0.8712121212121212 0.056910569105691054 0.14393939393939395
5 0.4796747967479675 0.8560606060606061 0.052845528455284556 0.14393939393939395
1 0.3617886178861789 0.8560606060606061 0.044715447154471545 0.14393939393939395
4 0.5853658536585366 0.8636363636363636 0.052845528455284556 0.14393939393939395
8 0.29878048780487804 0.8484848484848485 0.052845528455284556 0.14393939393939395
5 0.6443089430894309 0.8674242424242424 0.052845528455284556 0.14393939393939395
1 0.8902439024390244 0.8787878787878788 0.04065040650406504 0.14393939393939395