2 0.23232323232323232 0.7160278745644599 0.2222222222222222 0.05574912891986063
8 0.22727272727272727 0.6062717770034843 0.23232323232323232 0.05574912891986063
0 0.2222222222222222 0.5104529616724739 0.23232323232323232 0.059233449477351915
2 0.20707070707070707 0.39372822299651566 0.23232323232323232 0.059233449477351915
0 0.23737373737373738 0.7717770034843205 0.2222222222222222 0.05574912891986063
3 0.20707070707070707 0.3344947735191638 0.2222222222222222 0.0627177700348432
8 0.22727272727272727 0.662020905923345 0.2222222222222222 0.05574912891986063
3 0.24242424242424243 0.8780487804878049 0.2222222222222222 0.05574912891986063
1 0.2484848484848485 0.8259233449477351 0.23797979797979796 0.04331010452961672
0 0.22575757575757577 0.4518815331010453 0.2329292929292929 0.050905923344947736
1 0.20929292929292928 0.2731707317073171 0.2405050505050505 0.05557491289198606
0 0.21373737373737373 0.2137282229965157 0.2694949494949495 0.06557491289198607
4 0.18848484848484848 0.08114982578397212 0.2694949494949495 0.06505226480836238