8 0.918918918918919 0.8952702702702703 0.05405405405405406 0.14864864864864866
5 0.3166023166023166 0.9087837837837838 0.05405405405405406 0.14864864864864866
1 0.8571428571428571 0.8952702702702703 0.04633204633204633 0.14864864864864866
1 0.1969111969111969 0.9121621621621622 0.05019305019305019 0.14189189189189189
0 0.5057915057915058 0.8986486486486487 0.05791505791505792 0.14864864864864866
5 0.4420849420849421 0.902027027027027 0.05405405405405406 0.14864864864864866
9 0.3803088803088803 0.9087837837837838 0.05791505791505792 0.14864864864864866
0 0.611969111969112 0.8986486486486487 0.05405405405405406 0.14864864864864866
7 0.7335907335907336 0.8952702702702703 0.05791505791505792 0.1554054054054054
6 0.25675675675675674 0.9087837837837838 0.05791505791505792 0.14864864864864866
7 0.6737451737451737 0.8952702702702703 0.05405405405405406 0.1554054054054054
0 0.7972972972972973 0.8952702702702703 0.05405405405405406 0.14864864864864866
3 0.055984555984555984 0.9155405405405406 0.06177606177606178 0.1554054054054054