4 0.8357142857142857 0.8186813186813187 0.05714285714285714 0.17582417582417584
4 0.7071428571428572 0.8296703296703297 0.05714285714285714 0.17582417582417584
0 0.6428571428571429 0.8296703296703297 0.05714285714285714 0.17582417582417584
0 0.1619047619047619 0.8681318681318682 0.05238095238095238 0.16483516483516483
1 0.3476190476190476 0.8571428571428571 0.047619047619047616 0.16483516483516483
1 0.7714285714285715 0.8241758241758241 0.047619047619047616 0.16483516483516483
0 0.22380952380952382 0.8626373626373627 0.05238095238095238 0.17582417582417584
1 0.2904761904761905 0.8626373626373627 0.047619047619047616 0.16483516483516483
8 0.9023809523809524 0.8131868131868132 0.05238095238095238 0.17582417582417584
7 0.47619047619047616 0.8461538461538461 0.05238095238095238 0.18681318681318682
8 0.5785714285714286 0.8406593406593407 0.05238095238095238 0.17582417582417584
4 0.05238095238095238 0.8791208791208791 0.05714285714285714 0.16483516483516483
6 0.4119047619047619 0.8571428571428571 0.05714285714285714 0.17582417582417584