2 0.6033834586466166 0.875 0.04887218045112782 0.1282051282051282
3 0.6597744360902256 0.8685897435897436 0.05263157894736842 0.1282051282051282
8 0.45864661654135336 0.8621794871794872 0.04887218045112782 0.12179487179487179
6 0.34774436090225563 0.8557692307692307 0.05263157894736842 0.1282051282051282
0 0.2349624060150376 0.8525641025641025 0.05263157894736842 0.1282051282051282
0 0.18045112781954886 0.8493589743589743 0.05263157894736842 0.1282051282051282
4 0.08646616541353383 0.842948717948718 0.05263157894736842 0.1346153846153846
0 0.40225563909774437 0.8589743589743589 0.04887218045112782 0.12179487179487179
0 0.5488721804511278 0.8685897435897436 0.05263157894736842 0.12179487179487179
1 0.2932330827067669 0.8557692307692307 0.045112781954887216 0.12179487179487179
0 0.8270676691729323 0.875 0.05263157894736842 0.12179487179487179
1 0.7706766917293233 0.875 0.041353383458646614 0.12179487179487179
5 0.7142857142857143 0.875 0.05263157894736842 0.1282051282051282