2 0.6666666666666666 0.7891566265060241 0.05426356589147287 0.27710843373493976
9 0.7887596899224806 0.7951807228915663 0.05813953488372093 0.27710843373493976
0 0.17829457364341086 0.7831325301204819 0.06201550387596899 0.2891566265060241
0 0.24224806201550386 0.7891566265060241 0.05813953488372093 0.2891566265060241
5 0.4321705426356589 0.7891566265060241 0.05813953488372093 0.30120481927710846
0 0.6027131782945736 0.7891566265060241 0.06201550387596899 0.27710843373493976
0 0.3682170542635659 0.7891566265060241 0.05813953488372093 0.2891566265060241
3 0.7267441860465116 0.7891566265060241 0.05813953488372093 0.2891566265060241
7 0.4941860465116279 0.7891566265060241 0.05813953488372093 0.2891566265060241
4 0.0562015503875969 0.8192771084337349 0.050387596899224806 0.2289156626506024
8 0.8507751937984496 0.7951807228915663 0.05426356589147287 0.27710843373493976
6 0.9127906976744186 0.7951807228915663 0.05426356589147287 0.2891566265060241
8 0.30426356589147285 0.7891566265060241 0.05813953488372093 0.2891566265060241