2 0.49507389162561577 0.828125 0.059113300492610835 0.1875
2 0.3103448275862069 0.8229166666666666 0.059113300492610835 0.1875
4 0.06157635467980296 0.8177083333333334 0.059113300492610835 0.17708333333333334
1 0.24876847290640394 0.8229166666666666 0.04926108374384237 0.17708333333333334
0 0.6625615763546798 0.828125 0.054187192118226604 0.1875
0 0.18719211822660098 0.8177083333333334 0.059113300492610835 0.1875
9 0.43596059113300495 0.828125 0.059113300492610835 0.1875
0 0.6009852216748769 0.828125 0.054187192118226604 0.1875
1 0.7216748768472906 0.8333333333333334 0.04926108374384237 0.17708333333333334
0 0.37438423645320196 0.8229166666666666 0.054187192118226604 0.1875
4 0.8423645320197044 0.8385416666666666 0.054187192118226604 0.16666666666666666
8 0.7832512315270936 0.8333333333333334 0.054187192118226604 0.17708333333333334
7 0.9014778325123153 0.8346874999999999 0.04926108374384237 0.18479166666666666