2 0.624251497005988 0.8733333333333333 0.05389221556886228 0.16666666666666666
2 0.5643712574850299 0.87 0.05389221556886228 0.16666666666666666
4 0.05389221556886228 0.85 0.05089820359281437 0.16666666666666666
6 0.8053892215568862 0.8766666666666667 0.05089820359281437 0.16
8 0.27994011976047906 0.8566666666666667 0.05089820359281437 0.16
0 0.15718562874251496 0.8533333333333334 0.05089820359281437 0.16666666666666666
5 0.7425149700598802 0.8733333333333333 0.05089820359281437 0.16
0 0.218562874251497 0.8533333333333334 0.05089820359281437 0.16
9 0.40119760479041916 0.8633333333333333 0.05089820359281437 0.16
4 0.6841317365269461 0.8733333333333333 0.04790419161676647 0.16
4 0.3398203592814371 0.86 0.04790419161676647 0.16
7 0.8652694610778443 0.8766666666666667 0.05089820359281437 0.16666666666666666
1 0.4655688622754491 0.8633333333333333 0.038922155688622756 0.16