2 0.4039301310043668 0.9115384615384615 0.048034934497816595 0.13076923076923078
8 0.7358078602620087 0.9230769230769231 0.048034934497816595 0.13076923076923078
3 0.05240174672489083 0.9076923076923077 0.05240174672489083 0.13846153846153847
9 0.851528384279476 0.926923076923077 0.048034934497816595 0.12307692307692308
0 0.7947598253275109 0.9230769230769231 0.048034934497816595 0.13076923076923078
2 0.6222707423580786 0.9230769230769231 0.048034934497816595 0.13846153846153847
0 0.22707423580786026 0.9076923076923077 0.048034934497816595 0.13076923076923078
6 0.1703056768558952 0.9115384615384615 0.05240174672489083 0.13076923076923078
0 0.28602620087336245 0.9115384615384615 0.05240174672489083 0.13076923076923078
5 0.6768558951965066 0.9230769230769231 0.05240174672489083 0.13076923076923078
0 0.4606986899563319 0.9153846153846154 0.05240174672489083 0.13076923076923078
8 0.5611353711790393 0.9230769230769231 0.048034934497816595 0.13076923076923078
5 0.3471615720524017 0.9115384615384615 0.048034934497816595 0.13846153846153847