8 0.35664335664335667 0.9254385964912281 0.055944055944055944 0.08771929824561403
2 0.4195804195804196 0.9254385964912281 0.055944055944055944 0.09649122807017543
0 0.17132867132867133 0.9254385964912281 0.055944055944055944 0.08771929824561403
0 0.23426573426573427 0.9254385964912281 0.055944055944055944 0.08771929824561403
0 0.7762237762237763 0.9210526315789473 0.055944055944055944 0.08771929824561403
6 0.8391608391608392 0.9210526315789473 0.055944055944055944 0.08771929824561403
4 0.5874125874125874 0.9254385964912281 0.04895104895104895 0.08771929824561403
5 0.6503496503496503 0.9210526315789473 0.055944055944055944 0.09649122807017543
4 0.06993006993006994 0.9254385964912281 0.04895104895104895 0.08771929824561403
6 0.7167832167832168 0.9254385964912281 0.055944055944055944 0.08771929824561403
5 0.4825174825174825 0.9210526315789473 0.055944055944055944 0.09649122807017543
6 0.2972027972027972 0.9298245614035088 0.055944055944055944 0.08771929824561403
6 0.9020979020979021 0.9210526315789473 0.04895104895104895 0.08771929824561403