2 0.7846153846153846 0.8461538461538461 0.05384615384615385 0.23076923076923078
8 0.36153846153846153 0.8626373626373627 0.05 0.21978021978021978
3 0.6596153846153846 0.8461538461538461 0.05384615384615385 0.23076923076923078
0 0.17307692307692307 0.8626373626373627 0.05384615384615385 0.21978021978021978
5 0.3 0.8571428571428571 0.05 0.23076923076923078
1 0.725 0.8461538461538461 0.046153846153846156 0.21978021978021978
0 0.425 0.8516483516483516 0.05384615384615385 0.21978021978021978
0 0.48846153846153845 0.8516483516483516 0.05384615384615385 0.21978021978021978
4 0.8480769230769231 0.8406593406593407 0.05 0.21978021978021978
0 0.23653846153846153 0.8571428571428571 0.05384615384615385 0.23076923076923078
4 0.5961538461538461 0.8516483516483516 0.05 0.21978021978021978
4 0.04423076923076923 0.8681318681318682 0.05 0.21978021978021978
1 0.9134615384615384 0.8406593406593407 0.046153846153846156 0.21978021978021978