2 0.8805970149253731 0.8601398601398601 0.05223880597014925 0.16083916083916083
1 0.8190298507462687 0.8601398601398601 0.048507462686567165 0.15384615384615385
0 0.15671641791044777 0.8356643356643356 0.048507462686567165 0.15384615384615385
0 0.6268656716417911 0.8566433566433567 0.05223880597014925 0.15384615384615385
6 0.5652985074626866 0.8601398601398601 0.05223880597014925 0.15384615384615385
2 0.753731343283582 0.8601398601398601 0.05223880597014925 0.16083916083916083
7 0.457089552238806 0.8566433566433567 0.05223880597014925 0.16083916083916083
3 0.39552238805970147 0.8496503496503497 0.05223880597014925 0.16083916083916083
0 0.21641791044776118 0.8391608391608392 0.05223880597014925 0.15384615384615385
4 0.27611940298507465 0.8461538461538461 0.05223880597014925 0.14685314685314685
8 0.6921641791044776 0.8566433566433567 0.05223880597014925 0.14685314685314685
5 0.333955223880597 0.8461538461538461 0.048507462686567165 0.15384615384615385
8 0.061567164179104475 0.8286713286713286 0.048507462686567165 0.15384615384615385