4 0.8858921161825726 0.9570957095709571 0.08713692946058091 0.052805280528052806
0 0.8900414937759336 0.863036303630363 0.0912863070539419 0.0462046204620462
3 0.91701244813278 0.26567656765676567 0.0954356846473029 0.0462046204620462
8 0.9004149377593361 0.6188118811881188 0.0954356846473029 0.0462046204620462
2 0.9107883817427386 0.3943894389438944 0.0954356846473029 0.052805280528052806
0 0.8921161825726142 0.8036303630363036 0.0912863070539419 0.0462046204620462
0 0.9149377593360996 0.33003300330033003 0.0954356846473029 0.04950495049504951
2 0.9273858921161826 0.13036303630363036 0.0954356846473029 0.056105610561056105
4 0.8962655601659751 0.6815181518151815 0.0912863070539419 0.04950495049504951
2 0.9232365145228216 0.19636963696369636 0.0954356846473029 0.052805280528052806
6 0.9024896265560166 0.5561056105610561 0.0912863070539419 0.052805280528052806
7 0.8941908713692946 0.740924092409241 0.0954356846473029 0.0462046204620462
6 0.9066390041493776 0.45544554455445546 0.0912863070539419 0.04950495049504951