3 0.3949771689497717 0.8432203389830508 0.0547945205479452 0.1440677966101695
7 0.45662100456621 0.8432203389830508 0.0547945205479452 0.15254237288135594
8 0.6872146118721462 0.847457627118644 0.0502283105022831 0.1440677966101695
6 0.5616438356164384 0.8432203389830508 0.0547945205479452 0.1440677966101695
1 0.815068493150685 0.8516949152542372 0.045662100456621 0.1440677966101695
0 0.15753424657534246 0.8432203389830508 0.045662100456621 0.1440677966101695
2 0.7511415525114156 0.847457627118644 0.0502283105022831 0.15254237288135594
2 0.8744292237442922 0.8516949152542372 0.0502283105022831 0.15254237288135594
0 0.2146118721461187 0.8432203389830508 0.0502283105022831 0.1440677966101695
0 0.6232876712328768 0.8432203389830508 0.0502283105022831 0.1440677966101695
8 0.0639269406392694 0.8516949152542372 0.045662100456621 0.1440677966101695
5 0.3333333333333333 0.847457627118644 0.0502283105022831 0.1440677966101695
4 0.273972602739726 0.8432203389830508 0.045662100456621 0.1440677966101695