7 0.8980597014925372 0.8622549019607844 0.04970149253731344 0.14813725490196078
1 0.8422885572139304 0.8603921568627452 0.04134328358208955 0.15166666666666667
6 0.7822388059701492 0.861078431372549 0.05512437810945273 0.16372549019607843
9 0.7187064676616916 0.8573529411764707 0.05104477611940298 0.16686274509803922
0 0.661044776119403 0.8501960784313726 0.053283582089552244 0.16323529411764703
0 0.5987562189054726 0.8535294117647059 0.053482587064676616 0.17
9 0.49766169154228856 0.8386274509803923 0.052139303482587065 0.16862745098039214
6 0.44139303482587067 0.8484313725490197 0.05776119402985074 0.1641176470588235
4 0.38039800995024875 0.8333333333333334 0.06462686567164179 0.1641176470588235
8 0.3144278606965174 0.8408823529411764 0.055422885572139306 0.17921568627450982
0 0.2557711442786069 0.8394117647058824 0.06079601990049752 0.1822549019607843
0 0.1945771144278607 0.8355882352941176 0.06422885572139303 0.17470588235294118
4 0.0691542288557214 0.8170588235294118 0.06189054726368159 0.17392156862745098