3 0.40262172284644193 0.8493150684931506 0.0599250936329588 0.14383561643835616
2 0.7640449438202247 0.8424657534246576 0.056179775280898875 0.14383561643835616
8 0.700374531835206 0.8424657534246576 0.0599250936329588 0.136986301369863
6 0.5749063670411985 0.8458904109589042 0.0599250936329588 0.14383561643835616
0 0.2153558052434457 0.8527397260273972 0.056179775280898875 0.136986301369863
8 0.056179775280898875 0.8561643835616438 0.056179775280898875 0.136986301369863
0 0.15355805243445692 0.8527397260273972 0.052434456928838954 0.136986301369863
0 0.6367041198501873 0.8424657534246576 0.056179775280898875 0.136986301369863
1 0.8258426966292135 0.8424657534246576 0.052434456928838954 0.14383561643835616
5 0.3389513108614232 0.8527397260273972 0.0599250936329588 0.14383561643835616
7 0.4681647940074906 0.8458904109589042 0.06367041198501873 0.14383561643835616
4 0.27715355805243447 0.8527397260273972 0.056179775280898875 0.136986301369863
7 0.8855056179775281 0.8399315068493151 0.05625468164794007 0.15