0 0.2993827160493827 0.1897810218978102 0.05246913580246913 0.20437956204379562
5 0.1095679012345679 0.19343065693430658 0.05246913580246913 0.20437956204379562
3 0.2345679012345679 0.19343065693430658 0.05246913580246913 0.2116788321167883
4 0.3626543209876543 0.1897810218978102 0.04938271604938271 0.20437956204379562
6 0.1728395061728395 0.19708029197080293 0.05246913580246913 0.20437956204379562
4 0.9675925925925926 0.16058394160583941 0.05555555555555555 0.19708029197080293
0 0.7330246913580247 0.1678832116788321 0.05555555555555555 0.2116788321167883
7 0.8595679012345679 0.16423357664233576 0.05555555555555555 0.2116788321167883
3 0.6033950617283951 0.17518248175182483 0.05246913580246913 0.2116788321167883
3 0.4243827160493827 0.18613138686131386 0.05246913580246913 0.2116788321167883
7 0.5416666666666666 0.18248175182481752 0.05555555555555555 0.2116788321167883
1 0.7995061728395062 0.17109489051094892 0.04216049382716049 0.20503649635036497
9 0.668611111111111 0.17554744525547447 0.05907407407407408 0.21021897810218979