4 0.85 0.9247572815533981 0.2 0.05339805825242718
8 0.8555555555555555 0.35436893203883496 0.18888888888888888 0.05339805825242718
8 0.85 0.41504854368932037 0.18888888888888888 0.05339805825242718
4 0.8555555555555555 0.11165048543689321 0.18888888888888888 0.05339805825242718
1 0.85 0.75 0.18888888888888888 0.043689320388349516
0 0.8555555555555555 0.5752427184466019 0.18888888888888888 0.05339805825242718
3 0.8444444444444444 0.691747572815534 0.17777777777777778 0.05825242718446602
0 0.8555555555555555 0.5169902912621359 0.18888888888888888 0.05339805825242718
2 0.8611111111111112 0.633495145631068 0.17777777777777778 0.05339805825242718
4 0.8553333333333334 0.8070388349514563 0.2207777777777778 0.05048543689320389
1 0.8597777777777778 0.29441747572815535 0.18133333333333335 0.03427184466019417
7 0.8633333333333334 0.23067961165048545 0.20455555555555555 0.05145631067961165
6 0.8618888888888888 0.16980582524271842 0.21766666666666667 0.04966019417475728