8 0.6970260223048327 0.894927536231884 0.055762081784386616 0.15217391304347827
2 0.2936802973977695 0.8623188405797102 0.05204460966542751 0.14492753623188406
4 0.35315985130111527 0.8731884057971014 0.05204460966542751 0.15217391304347827
5 0.8141263940520446 0.8913043478260869 0.055762081784386616 0.15217391304347827
8 0.47026022304832715 0.8840579710144928 0.05204460966542751 0.14492753623188406
0 0.23605947955390336 0.855072463768116 0.05204460966542751 0.14492753623188406
4 0.4107806691449814 0.8804347826086957 0.048327137546468404 0.14492753623188406
5 0.7546468401486989 0.894927536231884 0.05204460966542751 0.14492753623188406
1 0.6356877323420075 0.8913043478260869 0.048327137546468404 0.14492753623188406
0 0.5762081784386617 0.8876811594202898 0.05204460966542751 0.14492753623188406
0 0.17843866171003717 0.8478260869565217 0.05204460966542751 0.15217391304347827
4 0.07063197026022305 0.8260869565217391 0.048327137546468404 0.15217391304347827
1 0.8754646840148699 0.8876811594202898 0.04460966542750929 0.13768115942028986