2 0.3 0.8544973544973545 0.057534246575342465 0.164021164021164
4 0.04246575342465753 0.8492063492063492 0.057534246575342465 0.15873015873015872
9 0.4780821917808219 0.8571428571428571 0.057534246575342465 0.15873015873015872
0 0.1780821917808219 0.8518518518518519 0.057534246575342465 0.164021164021164
8 0.6424657534246575 0.8624338624338624 0.0547945205479452 0.164021164021164
0 0.23972602739726026 0.8544973544973545 0.057534246575342465 0.164021164021164
5 0.4191780821917808 0.8597883597883598 0.0547945205479452 0.164021164021164
8 0.36027397260273974 0.8571428571428571 0.0547945205479452 0.164021164021164
1 0.8780821917808219 0.8650793650793651 0.049315068493150684 0.164021164021164
1 0.7616438356164383 0.8597883597883598 0.049315068493150684 0.15873015873015872
0 0.7027397260273973 0.8597883597883598 0.0547945205479452 0.164021164021164
1 0.8205479452054795 0.8624338624338624 0.052054794520547946 0.15873015873015872
5 0.584931506849315 0.8597883597883598 0.0547945205479452 0.164021164021164