2 0.7612244897959184 0.8727272727272727 0.053061224489795916 0.16363636363636364
4 0.04693877551020408 0.8772727272727273 0.053061224489795916 0.16363636363636364
0 0.1489795918367347 0.8772727272727273 0.053061224489795916 0.15454545454545454
1 0.6387755102040816 0.8727272727272727 0.044897959183673466 0.15454545454545454
0 0.573469387755102 0.8727272727272727 0.053061224489795916 0.15454545454545454
0 0.21224489795918366 0.8727272727272727 0.053061224489795916 0.15454545454545454
0 0.33877551020408164 0.8727272727272727 0.053061224489795916 0.15454545454545454
4 0.6979591836734694 0.8727272727272727 0.053061224489795916 0.16363636363636364
7 0.826530612244898 0.8681818181818182 0.053061224489795916 0.16363636363636364
9 0.2755102040816326 0.8772727272727273 0.04897959183673469 0.15454545454545454
7 0.4020408163265306 0.8727272727272727 0.053061224489795916 0.16363636363636364
1 0.4673469387755102 0.8772727272727273 0.04081632653061224 0.15454545454545454
1 0.889795918367347 0.8727272727272727 0.04081632653061224 0.15454545454545454