2 0.7936046511627907 0.8333333333333334 0.046511627906976744 0.1925925925925926
2 0.622093023255814 0.8333333333333334 0.04941860465116279 0.1925925925925926
3 0.46656976744186046 0.8296296296296296 0.05232558139534884 0.1925925925925926
4 0.05232558139534884 0.8407407407407408 0.04941860465116279 0.1925925925925926
3 0.7383720930232558 0.8296296296296296 0.05232558139534884 0.1925925925925926
4 0.40843023255813954 0.8333333333333334 0.04941860465116279 0.1925925925925926
0 0.1744186046511628 0.8333333333333334 0.04941860465116279 0.1925925925925926
0 0.23255813953488372 0.8333333333333334 0.04941860465116279 0.1925925925925926
0 0.8502906976744186 0.825925925925926 0.04941860465116279 0.18518518518518517
1 0.29651162790697677 0.8333333333333334 0.046511627906976744 0.18518518518518517
0 0.6787790697674418 0.825925925925926 0.04941860465116279 0.1925925925925926
0 0.565406976744186 0.8296296296296296 0.04941860465116279 0.1925925925925926
7 0.3502906976744186 0.8333333333333334 0.04941860465116279 0.1925925925925926