3 0.6777777777777778 0.9019607843137255 0.05185185185185185 0.1503267973856209
0 0.3351851851851852 0.9019607843137255 0.06296296296296296 0.1503267973856209
4 0.2722222222222222 0.8986928104575164 0.04814814814814815 0.12418300653594772
0 0.21481481481481482 0.9019607843137255 0.05925925925925926 0.1437908496732026
3 0.39222222222222225 0.9019607843137255 0.05262962962962963 0.1437908496732026
8 0.6203703703703703 0.9019607843137255 0.05185185185185185 0.13725490196078433
8 0.040740740740740744 0.9117647058823529 0.05185185185185185 0.13725490196078433
3 0.5574074074074075 0.9019607843137255 0.05185185185185185 0.1437908496732026
0 0.15262962962962964 0.8986928104575164 0.054037037037037036 0.1437908496732026
0 0.45555555555555555 0.8986928104575164 0.05925925925925926 0.1503267973856209
5 0.7351851851851852 0.9019607843137255 0.05185185185185185 0.1503267973856209
5 0.7907407407407407 0.8986928104575164 0.05185185185185185 0.1503267973856209
3 0.85 0.8986928104575164 0.05185185185185185 0.1437908496732026