3 0.7788844621513944 0.9251968503937008 0.05179282868525897 0.13385826771653545
8 0.3466135458167331 0.9291338582677166 0.04780876494023904 0.13385826771653545
1 0.5577689243027888 0.9330708661417323 0.0398406374501992 0.13385826771653545
0 0.23306772908366533 0.9291338582677166 0.05179282868525897 0.13385826771653545
0 0.1752988047808765 0.9251968503937008 0.04780876494023904 0.13385826771653545
0 0.6115537848605578 0.9291338582677166 0.04780876494023904 0.13385826771653545
1 0.4601593625498008 0.9291338582677166 0.0398406374501992 0.12598425196850394
0 0.40239043824701193 0.9291338582677166 0.04780876494023904 0.13385826771653545
6 0.8346613545816733 0.9291338582677166 0.04780876494023904 0.13385826771653545
7 0.6713147410358565 0.9291338582677166 0.05179282868525897 0.13385826771653545
7 0.2908366533864542 0.9291338582677166 0.05179282868525897 0.13385826771653545
7 0.7250996015936255 0.9291338582677166 0.05179282868525897 0.13385826771653545
4 0.05976095617529881 0.9291338582677166 0.04780876494023904 0.13385826771653545