8 0.373469387755102 0.9053030303030303 0.04081632653061224 0.12121212121212122
2 0.6530612244897959 0.9053030303030303 0.044897959183673466 0.12878787878787878
8 0.05102040816326531 0.9053030303030303 0.044897959183673466 0.12121212121212122
0 0.4346938775510204 0.9053030303030303 0.044897959183673466 0.12121212121212122
0 0.1836734693877551 0.9053030303030303 0.044897959183673466 0.12121212121212122
3 0.9102040816326531 0.9015151515151515 0.04897959183673469 0.12121212121212122
9 0.5 0.9053030303030303 0.044897959183673466 0.12121212121212122
6 0.31020408163265306 0.9053030303030303 0.04897959183673469 0.12878787878787878
7 0.24897959183673468 0.9053030303030303 0.044897959183673466 0.12878787878787878
7 0.7795918367346939 0.9053030303030303 0.044897959183673466 0.12878787878787878
5 0.7183673469387755 0.9053030303030303 0.04897959183673469 0.12121212121212122
6 0.8469387755102041 0.9053030303030303 0.044897959183673466 0.12878787878787878
5 0.5938775510204082 0.9053030303030303 0.044897959183673466 0.12121212121212122