2 0.8947368421052632 0.5579470198675497 0.10047846889952153 0.052980132450331126
5 0.9019138755980861 0.402317880794702 0.10047846889952153 0.046357615894039736
7 0.9114832535885168 0.14735099337748345 0.10526315789473684 0.046357615894039736
0 0.9019138755980861 0.3394039735099338 0.10047846889952153 0.052980132450331126
6 0.8875598086124402 0.6771523178807947 0.09569377990430622 0.04966887417218543
4 0.8827751196172249 0.9271523178807947 0.10047846889952153 0.04966887417218543
0 0.8922966507177034 0.853112582781457 0.11138755980861245 0.04745033112582781
0 0.8872248803827751 0.7954966887417219 0.09607655502392344 0.05225165562913907
0 0.8922966507177034 0.7363576158940397 0.11138755980861245 0.0469205298013245
0 0.8958373205741627 0.6158609271523179 0.09799043062200957 0.04950331125827814
1 0.9047368421052632 0.46314569536423844 0.10564593301435406 0.03705298013245033
0 0.9111483253588517 0.2764569536423841 0.11842105263157894 0.04841059602649006
1 0.9146411483253588 0.21798013245033113 0.10502392344497608 0.03735099337748344