3 0.5 0.89171974522293 0.061224489795918366 0.1337579617834395
3 0.9224489795918367 0.8407643312101911 0.05714285714285714 0.12738853503184713
5 0.3693877551020408 0.8980891719745223 0.05714285714285714 0.12738853503184713
6 0.8020408163265306 0.8630573248407644 0.05714285714285714 0.12738853503184713
0 0.17959183673469387 0.8885350318471338 0.05714285714285714 0.12738853503184713
0 0.6755102040816326 0.8789808917197452 0.05714285714285714 0.12738853503184713
1 0.3081632653061224 0.8980891719745223 0.04897959183673469 0.12101910828025478
1 0.4346938775510204 0.8980891719745223 0.053061224489795916 0.12738853503184713
4 0.06326530612244897 0.8757961783439491 0.053061224489795916 0.1337579617834395
0 0.7387755102040816 0.8694267515923567 0.05714285714285714 0.12738853503184713
0 0.610204081632653 0.8853503184713376 0.05714285714285714 0.12738853503184713
1 0.863265306122449 0.8535031847133758 0.044897959183673466 0.12101910828025478
0 0.24285714285714285 0.8949044585987261 0.061224489795918366 0.12738853503184713