2 0.7813688212927756 0.864963503649635 0.057034220532319393 0.16058394160583941
7 0.1806083650190114 0.8503649635036497 0.057034220532319393 0.16058394160583941
8 0.2414448669201521 0.8540145985401459 0.053231939163498096 0.15328467153284672
9 0.844106463878327 0.864963503649635 0.053231939163498096 0.16058394160583941
9 0.7186311787072244 0.8613138686131386 0.053231939163498096 0.16058394160583941
0 0.4296577946768061 0.8576642335766423 0.057034220532319393 0.15328467153284672
1 0.591254752851711 0.8613138686131386 0.04182509505703422 0.15328467153284672
4 0.9068441064638784 0.8613138686131386 0.053231939163498096 0.15328467153284672
8 0.49429657794676807 0.8613138686131386 0.057034220532319393 0.16058394160583941
8 0.3041825095057034 0.8576642335766423 0.053231939163498096 0.15328467153284672
9 0.6539923954372624 0.8613138686131386 0.053231939163498096 0.16058394160583941
8 0.3669201520912547 0.8576642335766423 0.053231939163498096 0.15328467153284672
9 0.058935361216730035 0.8467153284671532 0.057034220532319393 0.16058394160583941