2 0.7409638554216867 0.8875 0.04819277108433735 0.15625
8 0.6280120481927711 0.890625 0.05120481927710843 0.15
2 0.5707831325301205 0.89375 0.04819277108433735 0.15625
0 0.18373493975903615 0.909375 0.05120481927710843 0.15625
0 0.7981927710843374 0.884375 0.04819277108433735 0.15625
8 0.8539156626506024 0.88125 0.04819277108433735 0.15625
4 0.35843373493975905 0.903125 0.04819277108433735 0.15625
0 0.24246987951807228 0.90625 0.05120481927710843 0.15625
1 0.30271084337349397 0.90625 0.04216867469879518 0.15
4 0.06475903614457831 0.91875 0.05120481927710843 0.15625
7 0.4743975903614458 0.896875 0.04819277108433735 0.15625
7 0.6867469879518072 0.884375 0.05120481927710843 0.15625
9 0.41566265060240964 0.9 0.05120481927710843 0.15625