8 0.3186119873817035 0.8726415094339622 0.050473186119873815 0.10377358490566038
2 0.6987381703470031 0.8679245283018868 0.0473186119873817 0.10849056603773585
5 0.8138801261829653 0.8655660377358491 0.0473186119873817 0.10849056603773585
0 0.5867507886435331 0.8679245283018868 0.0473186119873817 0.10377358490566038
0 0.6435331230283912 0.8655660377358491 0.050473186119873815 0.10377358490566038
0 0.20347003154574134 0.875 0.0473186119873817 0.10377358490566038
0 0.26025236593059936 0.8726415094339622 0.0473186119873817 0.10377358490566038
7 0.48738170347003157 0.8702830188679245 0.0473186119873817 0.10377358490566038
1 0.3785488958990536 0.875 0.04416403785488959 0.10377358490566038
9 0.7570977917981072 0.8655660377358491 0.0473186119873817 0.10377358490566038
4 0.08675078864353312 0.8797169811320755 0.0473186119873817 0.10849056603773585
5 0.8706624605678234 0.8655660377358491 0.0473186119873817 0.10849056603773585
3 0.43375394321766564 0.8702830188679245 0.050473186119873815 0.10849056603773585