3 0.5824372759856631 0.9075 0.053763440860215055 0.11
6 0.6433691756272402 0.91 0.053763440860215055 0.105
0 0.23835125448028674 0.9075 0.053763440860215055 0.105
0 0.7025089605734767 0.9075 0.053763440860215055 0.105
0 0.1774193548387097 0.9075 0.053763440860215055 0.105
6 0.3602150537634409 0.91 0.053763440860215055 0.105
3 0.8853046594982079 0.91 0.053763440860215055 0.11
4 0.05734767025089606 0.9075 0.053763440860215055 0.11
9 0.7652329749103942 0.91 0.053763440860215055 0.105
3 0.2992831541218638 0.9075 0.053763440860215055 0.11
6 0.4229390681003584 0.91 0.053763440860215055 0.105
5 0.482078853046595 0.9075 0.053763440860215055 0.11
7 0.8261648745519713 0.91 0.053763440860215055 0.11