2 0.7377358490566037 0.8551136363636364 0.045283018867924525 0.10795454545454546
8 0.30754716981132074 0.8693181818181818 0.04905660377358491 0.10795454545454546
2 0.6830188679245283 0.8579545454545454 0.045283018867924525 0.10795454545454546
0 0.19245283018867926 0.8721590909090909 0.04905660377358491 0.10795454545454546
4 0.07924528301886792 0.8806818181818182 0.04905660377358491 0.11363636363636363
0 0.6264150943396226 0.8579545454545454 0.04905660377358491 0.10795454545454546
0 0.7943396226415095 0.8522727272727273 0.04905660377358491 0.10795454545454546
3 0.4207547169811321 0.8664772727272727 0.04905660377358491 0.10795454545454546
0 0.5716981132075472 0.8607954545454546 0.04905660377358491 0.10795454545454546
0 0.2490566037735849 0.8693181818181818 0.04905660377358491 0.10795454545454546
7 0.8490566037735849 0.8522727272727273 0.045283018867924525 0.10795454545454546
1 0.3660377358490566 0.8693181818181818 0.04150943396226415 0.10795454545454546
7 0.47547169811320755 0.8636363636363636 0.045283018867924525 0.10795454545454546