1 0.8394160583941606 0.5944767441860465 0.16058394160583941 0.046511627906976744
8 0.8248175182481752 0.7107558139534884 0.16058394160583941 0.05813953488372093
1 0.8321167883211679 0.6540697674418605 0.16058394160583941 0.04941860465116279
8 0.8467153284671532 0.5363372093023255 0.16058394160583941 0.05813953488372093
6 0.864963503649635 0.373546511627907 0.16058394160583941 0.05813953488372093
0 0.8540145985401459 0.4331395348837209 0.16058394160583941 0.05232558139534884
0 0.8175182481751825 0.7703488372093024 0.16058394160583941 0.055232558139534885
0 0.8686131386861314 0.3125 0.15328467153284672 0.05813953488372093
2 0.8905109489051095 0.18895348837209303 0.1678832116788321 0.055232558139534885
1 0.8795620437956204 0.251453488372093 0.15328467153284672 0.04941860465116279
0 0.8102189781021898 0.8299418604651163 0.16058394160583941 0.055232558139534885
7 0.8986861313868614 0.1286046511627907 0.16671532846715328 0.05813953488372093
4 0.8082481751824818 0.9388372093023255 0.16007299270072992 0.05973837209302326