2 0.502092050209205 0.864406779661017 0.05439330543933055 0.15254237288135594
2 0.7719665271966527 0.8601694915254238 0.05439330543933055 0.15254237288135594
0 0.3807531380753138 0.864406779661017 0.05439330543933055 0.15254237288135594
0 0.2594142259414226 0.864406779661017 0.05439330543933055 0.16101694915254236
0 0.19874476987447698 0.864406779661017 0.05439330543933055 0.15254237288135594
1 0.5941422594142259 0.8601694915254238 0.04184100418410042 0.15254237288135594
3 0.44142259414225943 0.864406779661017 0.05439330543933055 0.15254237288135594
4 0.06694560669456066 0.8686440677966102 0.05439330543933055 0.1440677966101695
6 0.8305439330543933 0.864406779661017 0.0502092050209205 0.15254237288135594
7 0.7133891213389121 0.8601694915254238 0.0502092050209205 0.15254237288135594
5 0.32217573221757323 0.8686440677966102 0.05439330543933055 0.15254237288135594
6 0.6527196652719666 0.864406779661017 0.05439330543933055 0.15254237288135594
0 0.8913389121338913 0.8600847457627118 0.06096234309623431 0.14957627118644068