2 0.8765182186234818 0.8230088495575221 0.06072874493927125 0.18584070796460178
4 0.048582995951417005 0.8230088495575221 0.06072874493927125 0.18584070796460178
0 0.4817813765182186 0.8230088495575221 0.05668016194331984 0.17699115044247787
0 0.5789473684210527 0.8230088495575221 0.05668016194331984 0.17699115044247787
0 0.242914979757085 0.8230088495575221 0.05668016194331984 0.17699115044247787
0 0.18218623481781376 0.8230088495575221 0.05668016194331984 0.17699115044247787
0 0.757085020242915 0.8230088495575221 0.05668016194331984 0.17699115044247787
0 0.6396761133603239 0.8230088495575221 0.05668016194331984 0.17699115044247787
0 0.3016194331983806 0.8230088495575221 0.05668016194331984 0.17699115044247787
1 0.8157894736842105 0.8230088495575221 0.044534412955465584 0.17699115044247787
4 0.3623481781376518 0.8230088495575221 0.05668016194331984 0.17699115044247787
0 0.4230769230769231 0.8230088495575221 0.05263157894736842 0.17699115044247787
9 0.6963562753036437 0.8230088495575221 0.05668016194331984 0.18584070796460178