4 0.9031339031339032 0.8715596330275229 0.04843304843304843 0.22935779816513763
5 0.6011396011396012 0.8669724770642202 0.045584045584045586 0.22935779816513763
3 0.7834757834757835 0.8669724770642202 0.04843304843304843 0.22018348623853212
3 0.5042735042735043 0.8715596330275229 0.05128205128205128 0.22935779816513763
3 0.443019943019943 0.8715596330275229 0.04843304843304843 0.22935779816513763
5 0.8433048433048433 0.8623853211009175 0.045584045584045586 0.22935779816513763
3 0.3803418803418803 0.8669724770642202 0.05128205128205128 0.23853211009174313
4 0.05555555555555555 0.8761467889908257 0.05128205128205128 0.22935779816513763
0 0.7207977207977208 0.8669724770642202 0.04843304843304843 0.22935779816513763
0 0.1908831908831909 0.8715596330275229 0.05128205128205128 0.23853211009174313
0 0.6609686609686609 0.8715596330275229 0.04843304843304843 0.22935779816513763
1 0.3162393162393162 0.8715596330275229 0.03418803418803419 0.22018348623853212
1 0.2535612535612536 0.8715596330275229 0.037037037037037035 0.22935779816513763