0 0.3825 0.9029126213592233 0.035 0.08737864077669903
0 0.14 0.8980582524271845 0.03 0.08737864077669903
9 0.8375 0.9077669902912622 0.035 0.08737864077669903
8 0.5975 0.9029126213592233 0.03 0.08737864077669903
0 0.715 0.9077669902912622 0.035 0.08737864077669903
3 0.535 0.9029126213592233 0.03 0.0970873786407767
0 0.26 0.9029126213592233 0.035 0.08737864077669903
0 0.2 0.9029126213592233 0.035 0.08737864077669903
2 0.6575 0.9029126213592233 0.03 0.0970873786407767
1 0.4425 0.9077669902912622 0.03 0.08737864077669903
8 0.32 0.9029126213592233 0.03 0.08737864077669903
4 0.0675 0.8980582524271845 0.03 0.08737864077669903
6 0.775 0.9077669902912622 0.035 0.08737864077669903