2 0.8946188340807175 0.871900826446281 0.053811659192825115 0.15702479338842976
2 0.7668161434977578 0.871900826446281 0.053811659192825115 0.15702479338842976
5 0.33856502242152464 0.8636363636363636 0.04932735426008968 0.15702479338842976
0 0.15246636771300448 0.8553719008264463 0.04932735426008968 0.1487603305785124
7 0.4663677130044843 0.8677685950413223 0.05829596412556054 0.15702479338842976
8 0.053811659192825115 0.8553719008264463 0.04932735426008968 0.14049586776859505
4 0.27802690582959644 0.859504132231405 0.04932735426008968 0.15702479338842976
0 0.21524663677130046 0.8553719008264463 0.053811659192825115 0.1487603305785124
0 0.6390134529147982 0.8636363636363636 0.053811659192825115 0.1487603305785124
1 0.8340807174887892 0.871900826446281 0.04932735426008968 0.1487603305785124
6 0.5762331838565022 0.8677685950413223 0.053811659192825115 0.15702479338842976
8 0.7040358744394619 0.871900826446281 0.04932735426008968 0.1487603305785124
3 0.40358744394618834 0.8677685950413223 0.053811659192825115 0.15702479338842976