0 0.11170212765957446 0.16731517509727625 0.10106382978723404 0.058365758754863814
0 0.1276595744680851 0.5953307392996109 0.10106382978723404 0.054474708171206226
0 0.11436170212765957 0.23540856031128404 0.10106382978723404 0.058365758754863814
8 0.1196808510638298 0.3657587548638132 0.10106382978723404 0.058365758754863814
3 0.125 0.490272373540856 0.10106382978723404 0.054474708171206226
0 0.11702127659574468 0.301556420233463 0.10106382978723404 0.058365758754863814
2 0.1196808510638298 0.4280155642023346 0.10106382978723404 0.058365758754863814
6 0.13829787234042554 0.8852140077821011 0.09574468085106383 0.05058365758754864
6 0.13031914893617022 0.6556420233463035 0.10106382978723404 0.05058365758754864
4 0.11186170212765958 0.0554863813229572 0.11430851063829786 0.058521400778210116
1 0.1372872340425532 0.716964980544747 0.09893617021276596 0.036887159533073935
1 0.13845744680851063 0.7766147859922179 0.09654255319148936 0.03863813229571984
1 0.13787234042553193 0.8276264591439688 0.10957446808510639 0.057704280155642024