2 0.3036529680365297 0.8958333333333334 0.0547945205479452 0.15
2 0.6712328767123288 0.9041666666666667 0.0547945205479452 0.14166666666666666
8 0.4954337899543379 0.9 0.0502283105022831 0.14166666666666666
4 0.3675799086757991 0.8958333333333334 0.0502283105022831 0.14166666666666666
4 0.4315068493150685 0.8958333333333334 0.0502283105022831 0.14166666666666666
0 0.6073059360730594 0.9 0.0547945205479452 0.14166666666666666
0 0.17579908675799086 0.8916666666666667 0.0502283105022831 0.15
0 0.23972602739726026 0.8958333333333334 0.0547945205479452 0.15
8 0.91324200913242 0.9083333333333333 0.045662100456621 0.14166666666666666
5 0.7945205479452054 0.9041666666666667 0.0502283105022831 0.14166666666666666
0 0.8538812785388128 0.9041666666666667 0.0502283105022831 0.14166666666666666
7 0.7351598173515982 0.9041666666666667 0.0502283105022831 0.14166666666666666
4 0.0730593607305936 0.8875 0.045662100456621 0.15