2 0.3739669421487603 0.8729281767955801 0.049586776859504134 0.09944751381215469
8 0.48760330578512395 0.8729281767955801 0.05371900826446281 0.09944751381215469
1 0.7520661157024794 0.8756906077348067 0.045454545454545456 0.09944751381215469
0 0.6962809917355371 0.8756906077348067 0.049586776859504134 0.09944751381215469
5 0.3140495867768595 0.8729281767955801 0.049586776859504134 0.09944751381215469
0 0.5805785123966942 0.8729281767955801 0.049586776859504134 0.09944751381215469
5 0.4297520661157025 0.8729281767955801 0.049586776859504134 0.09944751381215469
0 0.25826446280991733 0.8701657458563536 0.05371900826446281 0.09944751381215469
8 0.8698347107438017 0.8784530386740331 0.049586776859504134 0.09944751381215469
0 0.20041322314049587 0.8701657458563536 0.049586776859504134 0.09944751381215469
0 0.6384297520661157 0.8756906077348067 0.049586776859504134 0.09944751381215469
9 0.8099173553719008 0.8784530386740331 0.05371900826446281 0.09944751381215469
4 0.0743801652892562 0.8674033149171271 0.049586776859504134 0.10497237569060773