2 0.7484848484848485 0.8492063492063492 0.05454545454545454 0.12698412698412698
5 0.4121212121212121 0.8492063492063492 0.048484848484848485 0.14285714285714285
3 0.6363636363636364 0.8492063492063492 0.05454545454545454 0.12698412698412698
0 0.5787878787878787 0.8492063492063492 0.05454545454545454 0.12698412698412698
0 0.18484848484848485 0.8571428571428571 0.05454545454545454 0.14285714285714285
1 0.6909090909090909 0.8492063492063492 0.03636363636363636 0.12698412698412698
4 0.06666666666666667 0.8571428571428571 0.048484848484848485 0.12698412698412698
1 0.35454545454545455 0.8571428571428571 0.03636363636363636 0.12698412698412698
0 0.24242424242424243 0.8571428571428571 0.05454545454545454 0.14285714285714285
6 0.803030303030303 0.8412698412698413 0.05454545454545454 0.12698412698412698
3 0.4696969696969697 0.8492063492063492 0.05454545454545454 0.14285714285714285
5 0.3 0.8571428571428571 0.048484848484848485 0.14285714285714285
6 0.8606060606060606 0.8412698412698413 0.05454545454545454 0.12698412698412698