8 0.7292490118577075 0.8757225433526011 0.043478260869565216 0.10404624277456648
8 0.46047430830039526 0.8757225433526011 0.04743083003952569 0.10404624277456648
8 0.7885375494071146 0.8757225433526011 0.04743083003952569 0.10404624277456648
0 0.17391304347826086 0.8757225433526011 0.04743083003952569 0.10404624277456648
0 0.23122529644268774 0.8757225433526011 0.04743083003952569 0.10404624277456648
0 0.5592885375494071 0.8757225433526011 0.04743083003952569 0.10404624277456648
0 0.616600790513834 0.8757225433526011 0.04743083003952569 0.10404624277456648
1 0.40711462450592883 0.8757225433526011 0.043478260869565216 0.10404624277456648
7 0.6739130434782609 0.8757225433526011 0.04743083003952569 0.10982658959537572
4 0.05731225296442688 0.8786127167630058 0.04743083003952569 0.10982658959537572
1 0.29051383399209485 0.8786127167630058 0.043478260869565216 0.10982658959537572
5 0.3458498023715415 0.8757225433526011 0.04743083003952569 0.10982658959537572
4 0.8438735177865613 0.8757225433526011 0.043478260869565216 0.10982658959537572