0 0.1277056277056277 0.4336734693877551 0.09090909090909091 0.047619047619047616
0 0.1277056277056277 0.25170068027210885 0.09090909090909091 0.05102040816326531
0 0.1277056277056277 0.4931972789115646 0.09090909090909091 0.047619047619047616
0 0.1277056277056277 0.3129251700680272 0.09523809523809523 0.05102040816326531
4 0.1277056277056277 0.37244897959183676 0.09090909090909091 0.05782312925170068
0 0.1277056277056277 0.6292517006802721 0.09090909090909091 0.047619047619047616
0 0.1277056277056277 0.5714285714285714 0.09090909090909091 0.047619047619047616
0 0.12554112554112554 0.8571428571428571 0.09523809523809523 0.047619047619047616
0 0.12554112554112554 0.1921768707482993 0.09523809523809523 0.047619047619047616
1 0.12554112554112554 0.7431972789115646 0.09090909090909091 0.047619047619047616
2 0.1277056277056277 0.685374149659864 0.09523809523809523 0.05102040816326531
4 0.12774891774891775 0.10761904761904761 0.09774891774891774 0.0577891156462585
5 0.13264069264069264 0.7992517006802721 0.09372294372294372 0.04870748299319728