9 0.49433962264150944 0.8471337579617835 0.052830188679245285 0.1337579617834395
8 0.8849056603773585 0.8312101910828026 0.052830188679245285 0.12738853503184713
6 0.7679245283018868 0.8343949044585988 0.052830188679245285 0.12738853503184713
4 0.37735849056603776 0.8503184713375797 0.04905660377358491 0.12738853503184713
1 0.5981132075471698 0.8439490445859873 0.045283018867924525 0.12738853503184713
9 0.4358490566037736 0.8503184713375797 0.052830188679245285 0.12738853503184713
0 0.2 0.856687898089172 0.052830188679245285 0.1337579617834395
0 0.26037735849056604 0.8535031847133758 0.052830188679245285 0.12738853503184713
0 0.7113207547169811 0.8343949044585988 0.052830188679245285 0.12738853503184713
4 0.07735849056603773 0.8630573248407644 0.052830188679245285 0.1337579617834395
1 0.32075471698113206 0.8535031847133758 0.045283018867924525 0.12738853503184713
4 0.6528301886792452 0.8407643312101911 0.052830188679245285 0.12738853503184713
4 0.8259245283018868 0.8328025477707006 0.053283018867924525 0.11878980891719744