1 0.9205607476635514 0.5575539568345323 0.08878504672897196 0.046762589928057555
8 0.9252336448598131 0.39568345323741005 0.09345794392523364 0.0539568345323741
8 0.9228971962616822 0.4568345323741007 0.08878504672897196 0.046762589928057555
4 0.927570093457944 0.26798561151079137 0.09345794392523364 0.0539568345323741
0 0.9182242990654206 0.8597122302158273 0.08878504672897196 0.046762589928057555
0 0.9205607476635514 0.6780575539568345 0.08878504672897196 0.050359712230215826
6 0.9252336448598131 0.3327338129496403 0.08878504672897196 0.050359712230215826
0 0.9205607476635514 0.6169064748201439 0.08878504672897196 0.050359712230215826
0 0.9182242990654206 0.8003597122302158 0.08878504672897196 0.050359712230215826
2 0.9158878504672897 0.9532374100719424 0.08878504672897196 0.046762589928057555
1 0.9299065420560748 0.2068345323741007 0.08878504672897196 0.04316546762589928
9 0.9299065420560748 0.13848920863309352 0.09345794392523364 0.0539568345323741
7 0.9182242990654206 0.7392086330935251 0.08878504672897196 0.050359712230215826