3 0.34674329501915707 0.898989898989899 0.05363984674329502 0.10101010101010101
2 0.8448275862068966 0.9015151515151515 0.04980842911877394 0.10101010101010101
4 0.28735632183908044 0.898989898989899 0.04980842911877394 0.10101010101010101
8 0.6724137931034483 0.9015151515151515 0.04980842911877394 0.10101010101010101
0 0.22796934865900384 0.8939393939393939 0.05363984674329502 0.10606060606060606
0 0.7318007662835249 0.898989898989899 0.04980842911877394 0.10606060606060606
0 0.5574712643678161 0.898989898989899 0.04980842911877394 0.10101010101010101
3 0.46360153256704983 0.898989898989899 0.05363984674329502 0.10101010101010101
2 0.6130268199233716 0.898989898989899 0.04980842911877394 0.10606060606060606
0 0.1685823754789272 0.8964646464646465 0.04980842911877394 0.10606060606060606
5 0.7873563218390804 0.9015151515151515 0.04597701149425287 0.10101010101010101
4 0.09386973180076628 0.8939393939393939 0.04980842911877394 0.10101010101010101
5 0.4042145593869732 0.898989898989899 0.04980842911877394 0.10606060606060606