3 0.8211920529801324 0.8924418604651163 0.06291390728476821 0.1511627906976744
4 0.061258278145695365 0.8837209302325582 0.056291390728476824 0.1569767441860465
8 0.3526490066225166 0.8895348837209303 0.059602649006622516 0.14534883720930233
6 0.4139072847682119 0.8924418604651163 0.056291390728476824 0.14534883720930233
3 0.5761589403973509 0.8924418604651163 0.059602649006622516 0.1569767441860465
0 0.16556291390728478 0.8866279069767442 0.059602649006622516 0.14534883720930233
4 0.47516556291390727 0.8953488372093024 0.056291390728476824 0.1511627906976744
5 0.8857615894039735 0.8953488372093024 0.06291390728476821 0.1511627906976744
0 0.22847682119205298 0.8866279069767442 0.06291390728476821 0.1511627906976744
0 0.7003311258278145 0.8924418604651163 0.059602649006622516 0.14534883720930233
7 0.7649006622516556 0.8924418604651163 0.056291390728476824 0.1511627906976744
5 0.6390728476821192 0.8953488372093024 0.059602649006622516 0.1511627906976744
7 0.29304635761589404 0.8866279069767442 0.06291390728476821 0.1511627906976744