2 0.753393665158371 0.8626373626373627 0.05429864253393665 0.2087912087912088
2 0.4683257918552036 0.8571428571428571 0.05429864253393665 0.2087912087912088
0 0.6334841628959276 0.8571428571428571 0.05429864253393665 0.2087912087912088
0 0.22171945701357465 0.8461538461538461 0.05429864253393665 0.2087912087912088
0 0.5723981900452488 0.8571428571428571 0.05429864253393665 0.1978021978021978
0 0.16063348416289594 0.8406593406593407 0.05429864253393665 0.2087912087912088
5 0.4095022624434389 0.8516483516483516 0.05429864253393665 0.2087912087912088
9 0.8733031674208145 0.8626373626373627 0.049773755656108594 0.1978021978021978
5 0.8122171945701357 0.8626373626373627 0.049773755656108594 0.1978021978021978
2 0.6945701357466063 0.8626373626373627 0.049773755656108594 0.1978021978021978
4 0.03619909502262444 0.8351648351648352 0.049773755656108594 0.1978021978021978
9 0.34615384615384615 0.8516483516483516 0.05429864253393665 0.2087912087912088
6 0.2828054298642534 0.8516483516483516 0.049773755656108594 0.1978021978021978