8 0.7112462006079028 0.9355828220858896 0.05167173252279635 0.12883435582822086
2 0.7720364741641338 0.9325153374233128 0.05167173252279635 0.13496932515337423
0 0.21732522796352582 0.9386503067484663 0.0547112462006079 0.12269938650306748
8 0.05015197568389058 0.9386503067484663 0.05167173252279635 0.12269938650306748
2 0.8936170212765957 0.9263803680981595 0.0486322188449848 0.147239263803681
0 0.1534954407294833 0.9386503067484663 0.05167173252279635 0.12269938650306748
0 0.6474164133738601 0.9355828220858896 0.0547112462006079 0.12883435582822086
5 0.3465045592705167 0.9386503067484663 0.0486322188449848 0.12269938650306748
6 0.5851063829787234 0.9355828220858896 0.05167173252279635 0.12883435582822086
1 0.8358662613981763 0.9325153374233128 0.04559270516717325 0.13496932515337423
3 0.41185410334346506 0.9355828220858896 0.0547112462006079 0.12883435582822086
7 0.4756838905775076 0.9355828220858896 0.057750759878419454 0.12883435582822086
4 0.2796352583586626 0.941717791411043 0.0486322188449848 0.1165644171779141