0 0.19927536231884058 0.8720238095238095 0.04710144927536232 0.1130952380952381
0 0.5706521739130435 0.8720238095238095 0.04710144927536232 0.1130952380952381
5 0.7934782608695652 0.875 0.04710144927536232 0.1130952380952381
3 0.47644927536231885 0.8720238095238095 0.05434782608695652 0.11904761904761904
0 0.6268115942028986 0.8720238095238095 0.050724637681159424 0.1130952380952381
1 0.6829710144927537 0.8779761904761905 0.043478260869565216 0.1130952380952381
4 0.8478260869565217 0.875 0.050724637681159424 0.1130952380952381
0 0.2554347826086957 0.8720238095238095 0.050724637681159424 0.1130952380952381
5 0.30978260869565216 0.8720238095238095 0.04710144927536232 0.11904761904761904
1 0.36594202898550726 0.875 0.043478260869565216 0.1130952380952381
5 0.42028985507246375 0.8720238095238095 0.04710144927536232 0.1130952380952381
0 0.7373188405797102 0.8720238095238095 0.050724637681159424 0.1130952380952381
4 0.09239130434782608 0.8720238095238095 0.04710144927536232 0.125