4 0.05864197530864197 0.8962655601659751 0.04938271604938271 0.1037344398340249
0 0.6141975308641975 0.9024896265560166 0.04938271604938271 0.0995850622406639
0 0.2330246913580247 0.8983402489626556 0.04938271604938271 0.0995850622406639
0 0.558641975308642 0.9004149377593361 0.04938271604938271 0.0995850622406639
0 0.404320987654321 0.9004149377593361 0.04938271604938271 0.0995850622406639
0 0.17592592592592593 0.8962655601659751 0.04938271604938271 0.1037344398340249
0 0.3472222222222222 0.8983402489626556 0.05246913580246913 0.0995850622406639
0 0.7824074074074074 0.9045643153526971 0.04938271604938271 0.0995850622406639
5 0.29012345679012347 0.9004149377593361 0.04938271604938271 0.1037344398340249
0 0.7268518518518519 0.9045643153526971 0.04938271604938271 0.0995850622406639
9 0.46141975308641975 0.9024896265560166 0.04938271604938271 0.0995850622406639
3 0.6712962962962963 0.9045643153526971 0.04938271604938271 0.0995850622406639
3 0.8395061728395061 0.9066390041493776 0.04938271604938271 0.1037344398340249