0 0.5797101449275363 0.9137931034482759 0.05314009661835749 0.11724137931034483
0 0.4782608695652174 0.906896551724138 0.05314009661835749 0.11724137931034483
1 0.2391304347826087 0.9 0.043478260869565216 0.1103448275862069
6 0.642512077294686 0.9206896551724137 0.04830917874396135 0.1103448275862069
0 0.2946859903381642 0.903448275862069 0.05314009661835749 0.11724137931034483
8 0.821256038647343 0.9275862068965517 0.05314009661835749 0.1103448275862069
0 0.41304347826086957 0.903448275862069 0.05314009661835749 0.1103448275862069
8 0.7004830917874396 0.9206896551724137 0.04830917874396135 0.1103448275862069
4 0.35507246376811596 0.9 0.04830917874396135 0.1103448275862069
7 0.05555555555555555 0.8931034482758621 0.05314009661835749 0.11724137931034483
6 0.17391304347826086 0.9006896551724137 0.057971014492753624 0.11593103448275861
4 0.7608695652173914 0.9172413793103448 0.043478260869565216 0.10344827586206896
2 0.8850241545893719 0.9304827586206895 0.06004830917874396 0.11544827586206896