2 0.08177570093457943 0.8589743589743589 0.056074766355140186 0.13675213675213677
3 0.866822429906542 0.8931623931623932 0.0514018691588785 0.13675213675213677
4 0.34813084112149534 0.8760683760683761 0.0514018691588785 0.1282051282051282
2 0.16822429906542055 0.8632478632478633 0.056074766355140186 0.13675213675213677
0 0.2897196261682243 0.8675213675213675 0.0514018691588785 0.1282051282051282
0 0.6285046728971962 0.8803418803418803 0.0514018691588785 0.1282051282051282
0 0.5677570093457944 0.8760683760683761 0.0514018691588785 0.1282051282051282
5 0.4088785046728972 0.8717948717948718 0.0514018691588785 0.1282051282051282
9 0.8084112149532711 0.8888888888888888 0.0514018691588785 0.1282051282051282
0 0.22897196261682243 0.8632478632478633 0.0514018691588785 0.1282051282051282
3 0.6869158878504673 0.8803418803418803 0.0514018691588785 0.13675213675213677
8 0.4696261682242991 0.8760683760683761 0.0514018691588785 0.1282051282051282
6 0.7453271028037384 0.8846153846153846 0.0514018691588785 0.13675213675213677