4 0.060218978102189784 0.8888888888888888 0.058394160583941604 0.19047619047619047
5 0.8540145985401459 0.876984126984127 0.058394160583941604 0.19047619047619047
8 0.3759124087591241 0.8809523809523809 0.05474452554744526 0.18253968253968253
5 0.31386861313868614 0.8849206349206349 0.05474452554744526 0.19047619047619047
8 0.5 0.8809523809523809 0.058394160583941604 0.18253968253968253
6 0.6678832116788321 0.8809523809523809 0.058394160583941604 0.19047619047619047
0 0.19160583941605838 0.8849206349206349 0.05474452554744526 0.19047619047619047
0 0.791970802919708 0.876984126984127 0.058394160583941604 0.19047619047619047
0 0.43795620437956206 0.8809523809523809 0.058394160583941604 0.18253968253968253
8 0.7317518248175182 0.8809523809523809 0.058394160583941604 0.19047619047619047
0 0.25364963503649635 0.8849206349206349 0.058394160583941604 0.19047619047619047
6 0.916058394160584 0.876984126984127 0.058394160583941604 0.18253968253968253
8 0.6076642335766423 0.8809523809523809 0.058394160583941604 0.19047619047619047