0 0.1673228346456693 0.84251968503937 0.05511811023622047 0.16535433070866143
0 0.484251968503937 0.84251968503937 0.051181102362204724 0.15748031496062992
9 0.7165354330708661 0.84251968503937 0.051181102362204724 0.15748031496062992
1 0.23622047244094488 0.8464566929133859 0.051181102362204724 0.16535433070866143
0 0.421259842519685 0.84251968503937 0.051181102362204724 0.15748031496062992
3 0.7775590551181102 0.84251968503937 0.051181102362204724 0.15748031496062992
1 0.2992125984251969 0.8464566929133859 0.047244094488188976 0.15748031496062992
0 0.6535433070866141 0.84251968503937 0.051181102362204724 0.15748031496062992
4 0.05511811023622047 0.8464566929133859 0.051181102362204724 0.16535433070866143
8 0.8996062992125984 0.8503937007874016 0.051181102362204724 0.15748031496062992
8 0.35826771653543305 0.8464566929133859 0.051181102362204724 0.15748031496062992
1 0.84251968503937 0.8503937007874016 0.04330708661417323 0.15748031496062992
1 0.594488188976378 0.8464566929133859 0.047244094488188976 0.15748031496062992