3 0.9052863436123348 0.8411214953271028 0.05286343612334802 0.18691588785046728
4 0.07048458149779736 0.8551401869158879 0.05726872246696035 0.18691588785046728
8 0.8436123348017621 0.8457943925233645 0.05286343612334802 0.17757009345794392
0 0.2511013215859031 0.8598130841121495 0.05726872246696035 0.17757009345794392
0 0.1894273127753304 0.8598130841121495 0.05726872246696035 0.17757009345794392
0 0.5991189427312775 0.8504672897196262 0.05726872246696035 0.17757009345794392
1 0.724669603524229 0.8504672897196262 0.048458149779735685 0.16822429906542055
4 0.43612334801762115 0.8551401869158879 0.05286343612334802 0.16822429906542055
9 0.7819383259911894 0.8457943925233645 0.05286343612334802 0.17757009345794392
5 0.31277533039647576 0.8598130841121495 0.05726872246696035 0.18691588785046728
0 0.6607929515418502 0.8504672897196262 0.05726872246696035 0.17757009345794392
9 0.3766519823788546 0.8598130841121495 0.05726872246696035 0.17757009345794392
1 0.5022026431718062 0.8551401869158879 0.04405286343612335 0.16822429906542055