2 0.6377952755905512 0.8692307692307693 0.047244094488188976 0.15384615384615385
0 0.812992125984252 0.8615384615384616 0.047244094488188976 0.14615384615384616
1 0.30118110236220474 0.8653846153846154 0.04330708661417323 0.13846153846153847
0 0.17716535433070865 0.8576923076923076 0.051181102362204724 0.15384615384615385
0 0.23622047244094488 0.8615384615384616 0.051181102362204724 0.15384615384615385
9 0.4153543307086614 0.8653846153846154 0.05511811023622047 0.14615384615384616
3 0.5767716535433071 0.8692307692307693 0.047244094488188976 0.15384615384615385
8 0.8700787401574803 0.8653846153846154 0.047244094488188976 0.15384615384615385
4 0.3543307086614173 0.8615384615384616 0.047244094488188976 0.14615384615384616
3 0.7539370078740157 0.8653846153846154 0.047244094488188976 0.15384615384615385
7 0.4744094488188976 0.8615384615384616 0.047244094488188976 0.14615384615384616
1 0.6988188976377953 0.8692307692307693 0.04330708661417323 0.14615384615384616
4 0.05708661417322835 0.8576923076923076 0.047244094488188976 0.15384615384615385