8 0.4087301587301587 0.8458333333333333 0.047619047619047616 0.16666666666666666
4 0.05952380952380952 0.8458333333333333 0.047619047619047616 0.15833333333333333
0 0.16071428571428573 0.8458333333333333 0.047619047619047616 0.15833333333333333
2 0.873015873015873 0.8458333333333333 0.047619047619047616 0.15833333333333333
5 0.626984126984127 0.85 0.047619047619047616 0.15833333333333333
0 0.2222222222222222 0.8458333333333333 0.051587301587301584 0.16666666666666666
1 0.8115079365079365 0.8458333333333333 0.03968253968253968 0.15833333333333333
1 0.47023809523809523 0.8458333333333333 0.03968253968253968 0.15833333333333333
5 0.6884920634920635 0.85 0.047619047619047616 0.15833333333333333
1 0.748015873015873 0.8458333333333333 0.04365079365079365 0.15833333333333333
7 0.3472222222222222 0.8458333333333333 0.047619047619047616 0.16666666666666666
1 0.5674603174603174 0.8416666666666667 0.03968253968253968 0.15833333333333333
5 0.2837301587301587 0.85 0.047619047619047616 0.16666666666666666