2 0.8733333333333333 0.8105263157894737 0.05333333333333334 0.18947368421052632
3 0.5688888888888889 0.8105263157894737 0.05333333333333334 0.18947368421052632
8 0.6888888888888889 0.8105263157894737 0.04888888888888889 0.17894736842105263
0 0.16 0.8157894736842105 0.05333333333333334 0.17894736842105263
9 0.4022222222222222 0.8157894736842105 0.05333333333333334 0.17894736842105263
1 0.22444444444444445 0.8210526315789474 0.04888888888888889 0.17894736842105263
0 0.34 0.8157894736842105 0.05333333333333334 0.17894736842105263
5 0.8111111111111111 0.8105263157894737 0.05333333333333334 0.18947368421052632
7 0.6288888888888889 0.8105263157894737 0.05333333333333334 0.18947368421052632
1 0.7533333333333333 0.8105263157894737 0.044444444444444446 0.17894736842105263
4 0.06 0.8210526315789474 0.04888888888888889 0.17894736842105263
7 0.4622222222222222 0.8157894736842105 0.05333333333333334 0.18947368421052632
1 0.2822222222222222 0.8210526315789474 0.04888888888888889 0.17894736842105263