2 0.47750865051903113 0.8682634730538922 0.05190311418685121 0.1497005988023952
8 0.6626297577854672 0.8982035928143712 0.05190311418685121 0.1317365269461078
8 0.356401384083045 0.8532934131736527 0.05190311418685121 0.1377245508982036
4 0.03806228373702422 0.8263473053892215 0.05190311418685121 0.1497005988023952
8 0.4186851211072664 0.8622754491017964 0.05190311418685121 0.1437125748502994
5 0.8961937716262975 0.8952095808383234 0.04844290657439446 0.1437125748502994
0 0.726643598615917 0.907185628742515 0.05190311418685121 0.1377245508982036
0 0.1782006920415225 0.8353293413173652 0.04844290657439446 0.1437125748502994
0 0.24048442906574394 0.8383233532934131 0.05190311418685121 0.1437125748502994
5 0.6003460207612457 0.8862275449101796 0.05190311418685121 0.1377245508982036
0 0.7889273356401384 0.9101796407185628 0.05190311418685121 0.1437125748502994
7 0.29930795847750863 0.844311377245509 0.05190311418685121 0.1437125748502994
1 0.8442906574394463 0.9041916167664671 0.04152249134948097 0.1377245508982036