0 0.7460063897763578 0.8882978723404256 0.051118210862619806 0.11702127659574468
0 0.805111821086262 0.8882978723404256 0.051118210862619806 0.12234042553191489
0 0.17412140575079874 0.8882978723404256 0.051118210862619806 0.12234042553191489
7 0.2939297124600639 0.8882978723404256 0.054313099041533544 0.12234042553191489
0 0.23322683706070288 0.8882978723404256 0.051118210862619806 0.12234042553191489
0 0.5702875399361023 0.8856382978723404 0.051118210862619806 0.12234042553191489
4 0.052715654952076675 0.8909574468085106 0.04792332268370607 0.12234042553191489
6 0.41214057507987223 0.8882978723404256 0.051118210862619806 0.11702127659574468
1 0.6325878594249201 0.8882978723404256 0.04472843450479233 0.11702127659574468
3 0.8642172523961661 0.8882978723404256 0.051118210862619806 0.12234042553191489
5 0.4696485623003195 0.8882978723404256 0.04792332268370607 0.12234042553191489
3 0.6884984025559105 0.8882978723404256 0.051118210862619806 0.12234042553191489
9 0.3514376996805112 0.8856382978723404 0.051118210862619806 0.11702127659574468