4 0.8802816901408451 0.9100609756097561 0.051643192488262914 0.0975609756097561
0 0.5774647887323944 0.9024390243902439 0.051643192488262914 0.09451219512195122
4 0.7582159624413145 0.9070121951219512 0.051643192488262914 0.0975609756097561
9 0.4166666666666667 0.9039634146341463 0.0539906103286385 0.0975609756097561
9 0.4753521126760563 0.9024390243902439 0.051643192488262914 0.09451219512195122
0 0.357981220657277 0.9024390243902439 0.051643192488262914 0.09451219512195122
1 0.24178403755868544 0.9054878048780488 0.046948356807511735 0.09451219512195122
1 0.6995305164319249 0.9070121951219512 0.046948356807511735 0.0975609756097561
1 0.6396713615023474 0.9070121951219512 0.046948356807511735 0.0975609756097561
0 0.18309859154929578 0.9039634146341463 0.051643192488262914 0.09451219512195122
3 0.2992957746478873 0.9039634146341463 0.0539906103286385 0.0975609756097561
6 0.8215962441314554 0.9085365853658537 0.0539906103286385 0.0975609756097561
4 0.06807511737089202 0.9054878048780488 0.04929577464788732 0.09451219512195122