1 0.6344262295081967 0.9243697478991597 0.04918032786885246 0.10504201680672269
9 0.6934426229508197 0.9222689075630253 0.05573770491803279 0.1092436974789916
2 0.46229508196721314 0.9222689075630253 0.05573770491803279 0.1092436974789916
1 0.40327868852459015 0.9201680672268907 0.04918032786885246 0.10504201680672269
0 0.7540983606557377 0.9159663865546218 0.05573770491803279 0.10504201680672269
0 0.5704918032786885 0.9222689075630253 0.05573770491803279 0.1092436974789916
0 0.15901639344262294 0.8949579831932774 0.04918032786885246 0.10504201680672269
0 0.2180327868852459 0.9033613445378151 0.05245901639344262 0.1092436974789916
0 0.27704918032786885 0.9096638655462185 0.05573770491803279 0.10504201680672269
1 0.8147540983606557 0.9138655462184874 0.04590163934426229 0.10084033613445378
4 0.3377049180327869 0.9180672268907563 0.05245901639344262 0.1092436974789916
4 0.04918032786885246 0.8802521008403361 0.04590163934426229 0.10504201680672269
6 0.8672131147540983 0.9096638655462185 0.04918032786885246 0.10084033613445378