9 0.7045454545454546 0.8835616438356164 0.050505050505050504 0.1095890410958904
0 0.76010101010101 0.8835616438356164 0.050505050505050504 0.1095890410958904
0 0.17929292929292928 0.8904109589041096 0.05555555555555555 0.11643835616438356
5 0.8686868686868687 0.8835616438356164 0.050505050505050504 0.1095890410958904
5 0.8131313131313131 0.8835616438356164 0.050505050505050504 0.1095890410958904
9 0.648989898989899 0.8835616438356164 0.050505050505050504 0.1095890410958904
4 0.05303030303030303 0.9006849315068494 0.05555555555555555 0.11643835616438356
1 0.3686868686868687 0.886986301369863 0.050505050505050504 0.11643835616438356
0 0.24242424242424243 0.886986301369863 0.06060606060606061 0.11643835616438356
6 0.4292929292929293 0.886986301369863 0.05555555555555555 0.11643835616438356
1 0.3055555555555556 0.886986301369863 0.050505050505050504 0.11643835616438356
7 0.5909090909090909 0.886986301369863 0.06060606060606061 0.11643835616438356
7 0.48737373737373735 0.886986301369863 0.05555555555555555 0.11643835616438356