6 0.9230769230769231 0.302491103202847 0.09134615384615384 0.05338078291814947
1 0.9086538461538461 0.5836298932384342 0.09134615384615384 0.046263345195729534
4 0.90625 0.6459074733096085 0.09134615384615384 0.0498220640569395
1 0.9158653846153846 0.42170818505338076 0.09134615384615384 0.042704626334519574
0 0.8966346153846154 0.8220640569395018 0.09134615384615384 0.0498220640569395
0 0.9182692307692307 0.36298932384341637 0.09615384615384616 0.05338078291814947
1 0.9350961538461539 0.11565836298932385 0.09134615384615384 0.042704626334519574
0 0.8990384615384616 0.7633451957295374 0.09134615384615384 0.0498220640569395
0 0.9278846153846154 0.17793594306049823 0.09134615384615384 0.05338078291814947
0 0.9038461538461539 0.7046263345195729 0.09615384615384616 0.0498220640569395
0 0.9254807692307693 0.24199288256227758 0.09134615384615384 0.05338078291814947
7 0.9110576923076923 0.5249110320284698 0.09615384615384616 0.0498220640569395
4 0.8918269230769231 0.9395017793594306 0.09134615384615384 0.0498220640569395