2 0.8447653429602888 0.8506944444444444 0.04693140794223827 0.1527777777777778
0 0.2833935018050541 0.875 0.05415162454873646 0.1597222222222222
5 0.34296028880866425 0.8784722222222222 0.05054151624548736 0.1597222222222222
5 0.6805054151624549 0.8611111111111112 0.05054151624548736 0.1597222222222222
4 0.6227436823104693 0.8680555555555556 0.05054151624548736 0.1527777777777778
8 0.4620938628158845 0.875 0.05415162454873646 0.1597222222222222
0 0.16787003610108303 0.8715277777777778 0.05054151624548736 0.1527777777777778
0 0.22563176895306858 0.8715277777777778 0.05054151624548736 0.1597222222222222
0 0.5649819494584838 0.8680555555555556 0.05415162454873646 0.1527777777777778
0 0.40252707581227437 0.875 0.05415162454873646 0.1597222222222222
5 0.7906137184115524 0.8541666666666666 0.05054151624548736 0.1597222222222222
7 0.7364620938628159 0.8576388888888888 0.05054151624548736 0.1597222222222222
4 0.05776173285198556 0.8680555555555556 0.04693140794223827 0.1527777777777778