2 0.6415525114155252 0.8726415094339622 0.0502283105022831 0.19811320754716982
8 0.8333333333333334 0.8726415094339622 0.045662100456621 0.19811320754716982
2 0.5799086757990868 0.8726415094339622 0.045662100456621 0.19811320754716982
0 0.19406392694063926 0.8443396226415094 0.0410958904109589 0.19811320754716982
4 0.8926940639269406 0.8726415094339622 0.0365296803652968 0.18867924528301888
0 0.3789954337899543 0.8632075471698113 0.045662100456621 0.18867924528301888
1 0.7031963470319634 0.8726415094339622 0.045662100456621 0.19811320754716982
9 0.317351598173516 0.8584905660377359 0.0410958904109589 0.19811320754716982
9 0.7671232876712328 0.8773584905660378 0.0410958904109589 0.20754716981132076
0 0.2534246575342466 0.8537735849056604 0.045662100456621 0.19811320754716982
4 0.07990867579908675 0.8254716981132075 0.0410958904109589 0.18867924528301888
0 0.5051141552511416 0.8654716981132075 0.041735159817351604 0.19084905660377358
4 0.4383561643835616 0.8679245283018868 0.0410958904109589 0.18867924528301888