0 0.2596491228070175 0.884180790960452 0.04912280701754386 0.10734463276836158
0 0.14736842105263157 0.8785310734463276 0.04912280701754386 0.10734463276836158
0 0.5228070175438596 0.8926553672316384 0.04912280701754386 0.10734463276836158
0 0.20350877192982456 0.8813559322033898 0.0456140350877193 0.10734463276836158
0 0.4280701754385965 0.8898305084745762 0.0456140350877193 0.10734463276836158
0 0.5789473684210527 0.8983050847457628 0.04912280701754386 0.10734463276836158
0 0.3719298245614035 0.8870056497175142 0.0456140350877193 0.10734463276836158
1 0.6385964912280702 0.903954802259887 0.042105263157894736 0.1016949152542373
4 0.3157894736842105 0.8870056497175142 0.0456140350877193 0.10734463276836158
9 0.6894736842105263 0.903954802259887 0.04912280701754386 0.10734463276836158
5 0.743859649122807 0.9067796610169492 0.04912280701754386 0.10734463276836158
4 0.031578947368421054 0.8728813559322034 0.0456140350877193 0.11299435028248588
5 0.8 0.9096045197740112 0.04912280701754386 0.10734463276836158