2 0.8786764705882353 0.111328125 0.15441176470588236 0.05859375
0 0.8051470588235294 0.658203125 0.14705882352941177 0.0546875
6 0.7977941176470589 0.71875 0.14705882352941177 0.05078125
0 0.8088235294117647 0.599609375 0.15441176470588236 0.05078125
0 0.7830882352941176 0.8359375 0.14705882352941177 0.05078125
8 0.8308823529411765 0.431640625 0.16176470588235295 0.05859375
0 0.7904411764705882 0.77734375 0.14705882352941177 0.05078125
0 0.8161764705882353 0.541015625 0.14705882352941177 0.0625
4 0.7683823529411765 0.953125 0.14705882352941177 0.05078125
1 0.8429411764705882 0.3652734375 0.15404411764705883 0.0472265625
5 0.8527205882352941 0.30390625 0.16713235294117648 0.0528125
3 0.8604411764705882 0.2368359375 0.17610294117647057 0.061015625
1 0.8706617647058823 0.169609375 0.1638235294117647 0.04796875