8 0.3595679012345679 0.8285714285714286 0.04938271604938271 0.17857142857142858
8 0.29475308641975306 0.8321428571428572 0.04938271604938271 0.17857142857142858
2 0.5910493827160493 0.8178571428571428 0.05246913580246913 0.18571428571428572
0 0.16820987654320987 0.8321428571428572 0.05246913580246913 0.17857142857142858
0 0.2330246913580247 0.8321428571428572 0.05246913580246913 0.17857142857142858
8 0.7145061728395061 0.8107142857142857 0.04938271604938271 0.17857142857142858
7 0.4845679012345679 0.8178571428571428 0.05246913580246913 0.19285714285714287
4 0.06327160493827161 0.8428571428571429 0.05246913580246913 0.19285714285714287
1 0.6558641975308642 0.8178571428571428 0.043209876543209874 0.17857142857142858
1 0.779320987654321 0.8107142857142857 0.040123456790123455 0.17142857142857143
3 0.4228395061728395 0.8214285714285714 0.05246913580246913 0.19285714285714287
1 0.8981481481481481 0.8071428571428572 0.040123456790123455 0.17142857142857143
5 0.8364197530864198 0.8071428571428572 0.04938271604938271 0.17857142857142858