2 0.3054298642533937 0.8626760563380281 0.04524886877828054 0.11267605633802817
6 0.5678733031674208 0.8556338028169014 0.049773755656108594 0.1056338028169014
6 0.36425339366515835 0.8626760563380281 0.049773755656108594 0.1056338028169014
0 0.19457013574660634 0.8661971830985915 0.049773755656108594 0.11267605633802817
4 0.4751131221719457 0.8591549295774648 0.04524886877828054 0.1056338028169014
1 0.7330316742081447 0.8556338028169014 0.04072398190045249 0.1056338028169014
0 0.251131221719457 0.8626760563380281 0.049773755656108594 0.11267605633802817
0 0.6221719457013575 0.852112676056338 0.049773755656108594 0.1056338028169014
1 0.6764705882352942 0.8556338028169014 0.04072398190045249 0.1056338028169014
0 0.7918552036199095 0.8485915492957746 0.049773755656108594 0.1056338028169014
4 0.42081447963800905 0.8591549295774648 0.04524886877828054 0.1056338028169014
6 0.8484162895927602 0.8485915492957746 0.049773755656108594 0.1056338028169014
4 0.07918552036199095 0.8697183098591549 0.049773755656108594 0.11267605633802817