3 0.49476439790575916 0.8645833333333334 0.05759162303664921 0.1875
9 0.8324607329842932 0.84375 0.05235602094240838 0.16666666666666666
0 0.8926701570680629 0.8385416666666666 0.05235602094240838 0.17708333333333334
0 0.18848167539267016 0.8645833333333334 0.05759162303664921 0.17708333333333334
0 0.25392670157068065 0.8697916666666666 0.05759162303664921 0.17708333333333334
0 0.7225130890052356 0.8489583333333334 0.05759162303664921 0.1875
1 0.7827225130890052 0.84375 0.041884816753926704 0.16666666666666666
4 0.6596858638743456 0.859375 0.05235602094240838 0.16666666666666666
5 0.4319371727748691 0.8645833333333334 0.05235602094240838 0.17708333333333334
4 0.060209424083769635 0.8645833333333334 0.05759162303664921 0.17708333333333334
1 0.38219895287958117 0.8645833333333334 0.041884816753926704 0.17708333333333334
7 0.599476439790576 0.859375 0.05235602094240838 0.17708333333333334
8 0.3219895287958115 0.8697916666666666 0.05759162303664921 0.17708333333333334