8 0.586864406779661 0.9064748201438849 0.046610169491525424 0.1223021582733813
3 0.6440677966101694 0.9100719424460432 0.05084745762711865 0.1223021582733813
8 0.03177966101694915 0.8848920863309353 0.046610169491525424 0.12949640287769784
5 0.701271186440678 0.9136690647482014 0.05084745762711865 0.1223021582733813
0 0.1440677966101695 0.8920863309352518 0.046610169491525424 0.1223021582733813
0 0.3156779661016949 0.89568345323741 0.046610169491525424 0.1223021582733813
3 0.527542372881356 0.9028776978417267 0.05084745762711865 0.12949640287769784
0 0.20127118644067796 0.8920863309352518 0.046610169491525424 0.1223021582733813
5 0.815677966101695 0.920863309352518 0.05084745762711865 0.12949640287769784
5 0.7584745762711864 0.9172661870503597 0.05084745762711865 0.1223021582733813
0 0.4300847457627119 0.8992805755395683 0.046610169491525424 0.1223021582733813
4 0.2584745762711864 0.89568345323741 0.046610169491525424 0.12949640287769784
3 0.375 0.8992805755395683 0.046610169491525424 0.12949640287769784