8 0.591796875 0.9236111111111112 0.046875 0.13194444444444445
5 0.763671875 0.9270833333333334 0.046875 0.13194444444444445
8 0.037109375 0.9131944444444444 0.046875 0.1388888888888889
0 0.4375 0.9201388888888888 0.046875 0.13194444444444445
5 0.822265625 0.9270833333333334 0.046875 0.13194444444444445
0 0.322265625 0.9201388888888888 0.046875 0.13194444444444445
5 0.70703125 0.9236111111111112 0.046875 0.13194444444444445
0 0.208984375 0.9166666666666666 0.046875 0.13194444444444445
3 0.380859375 0.9201388888888888 0.046875 0.13194444444444445
3 0.650390625 0.9236111111111112 0.046875 0.125
0 0.15234375 0.9166666666666666 0.04296875 0.13194444444444445
3 0.53515625 0.9236111111111112 0.046875 0.13194444444444445
4 0.265625 0.9201388888888888 0.04296875 0.13194444444444445