0 0.23983739837398374 0.9408284023668639 0.04878048780487805 0.11242603550295859
4 0.06504065040650407 0.9437869822485208 0.04878048780487805 0.11242603550295859
0 0.8516260162601627 0.9260355029585798 0.04878048780487805 0.10650887573964497
3 0.7398373983739838 0.9289940828402367 0.04878048780487805 0.11242603550295859
0 0.7947154471544715 0.9260355029585798 0.04878048780487805 0.10650887573964497
0 0.2967479674796748 0.9378698224852071 0.04878048780487805 0.11242603550295859
0 0.18089430894308944 0.9408284023668639 0.04878048780487805 0.11242603550295859
6 0.6808943089430894 0.9319526627218935 0.04878048780487805 0.11242603550295859
4 0.3556910569105691 0.9408284023668639 0.044715447154471545 0.11242603550295859
5 0.4695121951219512 0.9378698224852071 0.04878048780487805 0.1242603550295858
4 0.41260162601626016 0.9408284023668639 0.04878048780487805 0.11834319526627218
1 0.5691056910569106 0.9378698224852071 0.036585365853658534 0.10650887573964497
1 0.6260162601626016 0.9319526627218935 0.04065040650406504 0.10650887573964497