2 0.8802395209580839 0.8878205128205128 0.04491017964071856 0.16025641025641027
0 0.15269461077844312 0.8942307692307693 0.04790419161676647 0.15384615384615385
0 0.21706586826347304 0.8942307692307693 0.04790419161676647 0.16025641025641027
0 0.8203592814371258 0.8846153846153846 0.04790419161676647 0.16025641025641027
0 0.7574850299401198 0.8878205128205128 0.04491017964071856 0.16025641025641027
4 0.5688622754491018 0.8910256410256411 0.04790419161676647 0.15384615384615385
6 0.4101796407185629 0.8942307692307693 0.04790419161676647 0.16025641025641027
1 0.34281437125748504 0.8910256410256411 0.03592814371257485 0.15384615384615385
6 0.47305389221556887 0.8910256410256411 0.04790419161676647 0.16025641025641027
2 0.04640718562874251 0.8974358974358975 0.05389221556886228 0.16025641025641027
6 0.6332335329341318 0.8910256410256411 0.04491017964071856 0.16025641025641027
6 0.6961077844311377 0.8910256410256411 0.04790419161676647 0.16025641025641027
5 0.27994011976047906 0.8942307692307693 0.04491017964071856 0.16025641025641027