2 0.29954954954954954 0.8975409836065574 0.05405405405405406 0.13934426229508196
3 0.48423423423423423 0.8975409836065574 0.05405405405405406 0.14754098360655737
3 0.36261261261261263 0.8934426229508197 0.05405405405405406 0.13934426229508196
3 0.6509009009009009 0.9016393442622951 0.05405405405405406 0.14754098360655737
0 0.42342342342342343 0.8934426229508197 0.05405405405405406 0.13934426229508196
0 0.831081081081081 0.9016393442622951 0.05405405405405406 0.14754098360655737
0 0.5878378378378378 0.8934426229508197 0.05405405405405406 0.14754098360655737
0 0.17792792792792791 0.8975409836065574 0.05405405405405406 0.14754098360655737
4 0.04954954954954955 0.8934426229508197 0.05405405405405406 0.14754098360655737
1 0.7725225225225225 0.9016393442622951 0.04504504504504504 0.13934426229508196
4 0.8896396396396397 0.9016393442622951 0.04954954954954955 0.13934426229508196
5 0.7094594594594594 0.9057377049180327 0.05405405405405406 0.14754098360655737
1 0.240990990990991 0.8975409836065574 0.04504504504504504 0.13934426229508196