8 0.05702917771883289 0.7976190476190477 0.04774535809018567 0.16071428571428573
8 0.4230769230769231 0.8035714285714286 0.04509283819628647 0.1488095238095238
5 0.8116710875331565 0.8005952380952381 0.04509283819628647 0.15476190476190477
9 0.363395225464191 0.8005952380952381 0.04509283819628647 0.1488095238095238
0 0.48408488063660476 0.7976190476190477 0.04509283819628647 0.15476190476190477
0 0.1856763925729443 0.7976190476190477 0.04509283819628647 0.1488095238095238
0 0.5755968169761273 0.8005952380952381 0.04509283819628647 0.1488095238095238
0 0.6936339522546419 0.8005952380952381 0.04509283819628647 0.1488095238095238
0 0.2453580901856764 0.8005952380952381 0.04509283819628647 0.1488095238095238
3 0.6339522546419099 0.8005952380952381 0.04509283819628647 0.15476190476190477
9 0.870026525198939 0.8035714285714286 0.04509283819628647 0.1488095238095238
3 0.7519893899204244 0.8005952380952381 0.04509283819628647 0.15476190476190477
8 0.3037135278514589 0.8035714285714286 0.04509283819628647 0.15476190476190477