8 0.24787535410764872 0.9005681818181818 0.04815864022662889 0.13636363636363635
3 0.0708215297450425 0.9090909090909091 0.05099150141643059 0.14204545454545456
8 0.6912181303116147 0.8863636363636364 0.0453257790368272 0.13636363636363635
3 0.8640226628895185 0.8806818181818182 0.05099150141643059 0.14204545454545456
0 0.7492917847025495 0.8835227272727273 0.04815864022662889 0.14204545454545456
1 0.8087818696883853 0.8863636363636364 0.039660056657223795 0.13636363636363635
3 0.6331444759206799 0.8863636363636364 0.04815864022662889 0.14204545454545456
1 0.5779036827195467 0.8920454545454546 0.039660056657223795 0.13636363636363635
1 0.18980169971671387 0.9034090909090909 0.039660056657223795 0.13636363636363635
7 0.3626062322946176 0.8948863636363636 0.04815864022662889 0.14772727272727273
3 0.42209631728045327 0.8920454545454546 0.04815864022662889 0.14204545454545456
1 0.3073654390934844 0.9005681818181818 0.042492917847025496 0.13068181818181818
1 0.47875354107648727 0.8920454545454546 0.036827195467422094 0.13636363636363635