3 0.9004149377593361 0.8823529411764706 0.04564315352697095 0.1323529411764706
6 0.42531120331950206 0.8860294117647058 0.04564315352697095 0.13970588235294118
3 0.5871369294605809 0.8823529411764706 0.04564315352697095 0.13970588235294118
0 0.7136929460580913 0.8823529411764706 0.04979253112033195 0.13970588235294118
0 0.17219917012448133 0.875 0.04564315352697095 0.13970588235294118
4 0.487551867219917 0.8860294117647058 0.04564315352697095 0.1323529411764706
0 0.8402489626556017 0.8786764705882353 0.04564315352697095 0.13970588235294118
4 0.06846473029045644 0.8713235294117647 0.04564315352697095 0.14705882352941177
3 0.6514522821576764 0.8823529411764706 0.04564315352697095 0.14705882352941177
0 0.23443983402489627 0.8786764705882353 0.04979253112033195 0.13970588235294118
7 0.2966804979253112 0.8823529411764706 0.04979253112033195 0.1323529411764706
8 0.7759336099585062 0.8823529411764706 0.04564315352697095 0.1323529411764706
8 0.36099585062240663 0.8823529411764706 0.04979253112033195 0.13970588235294118