2 0.3295918367346939 0.11627906976744186 0.05102040816326531 0.16744186046511628
8 0.5816326530612245 0.12093023255813953 0.04897959183673469 0.16744186046511628
0 0.7959183673469388 0.11627906976744186 0.04693877551020408 0.16279069767441862
8 0.6357142857142857 0.12093023255813953 0.04897959183673469 0.16744186046511628
0 0.21836734693877552 0.11627906976744186 0.04897959183673469 0.16744186046511628
0 0.7428571428571429 0.1186046511627907 0.04693877551020408 0.16744186046511628
5 0.16326530612244897 0.11395348837209303 0.04897959183673469 0.16279069767441862
0 0.27448979591836736 0.11627906976744186 0.05102040816326531 0.16744186046511628
4 0.9040816326530612 0.11395348837209303 0.04897959183673469 0.15813953488372093
5 0.5285714285714286 0.1186046511627907 0.05102040816326531 0.16279069767441862
5 0.3846938775510204 0.11627906976744186 0.05102040816326531 0.16279069767441862
5 0.4377551020408163 0.11627906976744186 0.04897959183673469 0.16279069767441862
6 0.6887755102040817 0.1186046511627907 0.04693877551020408 0.16279069767441862