2 0.8736842105263158 0.9424242424242424 0.05 0.11515151515151516
2 0.7526315789473684 0.9454545454545454 0.05 0.10909090909090909
6 0.5671052631578948 0.9515151515151515 0.05526315789473684 0.09696969696969697
0 0.6276315789473684 0.9484848484848485 0.05789473684210526 0.10303030303030303
8 0.046052631578947366 0.9484848484848485 0.05 0.10303030303030303
3 0.3960526315789474 0.9515151515151515 0.05263157894736842 0.09696969696969697
1 0.8184210526315789 0.9454545454545454 0.04473684210526316 0.10909090909090909
8 0.6907894736842105 0.9484848484848485 0.05263157894736842 0.10303030303030303
0 0.20921052631578949 0.9515151515151515 0.05789473684210526 0.09696969696969697
5 0.33289473684210524 0.9515151515151515 0.05 0.09696969696969697
0 0.14605263157894738 0.9515151515151515 0.05526315789473684 0.09696969696969697
7 0.4605263157894737 0.9484848484848485 0.05526315789473684 0.10303030303030303
2 0.26842105263157895 0.9545454545454546 0.04736842105263158 0.09090909090909091