2 0.7966417910447762 0.6608910891089109 0.06343283582089553 0.1188118811881188
4 0.9216417910447762 0.6089108910891089 0.05970149253731343 0.10396039603960396
0 0.4458955223880597 0.7821782178217822 0.05970149253731343 0.11386138613861387
9 0.6660447761194029 0.7029702970297029 0.06343283582089553 0.11386138613861387
8 0.5093283582089553 0.7623762376237624 0.06716417910447761 0.11386138613861387
9 0.8526119402985075 0.6361386138613861 0.06343283582089553 0.11386138613861387
7 0.1921641791044776 0.8688118811881188 0.05970149253731343 0.1188118811881188
1 0.6044776119402985 0.7227722772277227 0.055970149253731345 0.10891089108910891
9 0.7294776119402985 0.6806930693069307 0.06343283582089553 0.11386138613861387
8 0.31902985074626866 0.8267326732673267 0.05970149253731343 0.11386138613861387
8 0.2593283582089552 0.8465346534653465 0.06343283582089553 0.11386138613861387
9 0.07649253731343283 0.9158415841584159 0.06716417910447761 0.11386138613861387
8 0.3824626865671642 0.8044554455445545 0.06343283582089553 0.11386138613861387