2 0.6884615384615385 0.9210526315789473 0.05 0.15037593984962405
0 0.40384615384615385 0.9135338345864662 0.05384615384615385 0.15037593984962405
0 0.1596153846153846 0.9097744360902256 0.05384615384615385 0.15037593984962405
5 0.8711538461538462 0.924812030075188 0.05 0.15037593984962405
0 0.22115384615384615 0.9135338345864662 0.05384615384615385 0.15037593984962405
0 0.4634615384615385 0.9135338345864662 0.05 0.15037593984962405
0 0.2826923076923077 0.9135338345864662 0.05384615384615385 0.15037593984962405
4 0.8096153846153846 0.924812030075188 0.05 0.15037593984962405
0 0.5692307692307692 0.9135338345864662 0.05 0.15037593984962405
0 0.6288461538461538 0.9172932330827067 0.05384615384615385 0.15037593984962405
4 0.03653846153846154 0.9097744360902256 0.05 0.15037593984962405
4 0.3423076923076923 0.9135338345864662 0.05 0.14285714285714285
9 0.75 0.9210526315789473 0.05384615384615385 0.15037593984962405