2 0.2951219512195122 0.8571428571428571 0.05853658536585366 0.1836734693877551
2 0.48048780487804876 0.8520408163265306 0.05853658536585366 0.19387755102040816
4 0.04878048780487805 0.8622448979591837 0.05853658536585366 0.1836734693877551
9 0.4195121951219512 0.8571428571428571 0.05853658536585366 0.1836734693877551
8 0.7731707317073171 0.8469387755102041 0.05853658536585366 0.17346938775510204
1 0.7097560975609756 0.8469387755102041 0.04878048780487805 0.17346938775510204
0 0.35609756097560974 0.8571428571428571 0.05853658536585366 0.17346938775510204
1 0.8341463414634146 0.8418367346938775 0.04878048780487805 0.17346938775510204
0 0.17560975609756097 0.8571428571428571 0.05365853658536585 0.17346938775510204
0 0.5878048780487805 0.8469387755102041 0.05853658536585366 0.17346938775510204
0 0.6487804878048781 0.8469387755102041 0.05853658536585366 0.17346938775510204
1 0.23414634146341465 0.8571428571428571 0.04878048780487805 0.17346938775510204
0 0.8951219512195122 0.8385714285714286 0.05853658536585366 0.18010204081632653