2 0.49295774647887325 0.8702290076335878 0.056338028169014086 0.183206106870229
4 0.051056338028169015 0.8702290076335878 0.05985915492957746 0.19083969465648856
0 0.24471830985915494 0.8664122137404581 0.05985915492957746 0.19083969465648856
0 0.1813380281690141 0.8664122137404581 0.05985915492957746 0.183206106870229
5 0.4295774647887324 0.8702290076335878 0.056338028169014086 0.19083969465648856
6 0.7253521126760564 0.8664122137404581 0.05985915492957746 0.19083969465648856
5 0.36795774647887325 0.8702290076335878 0.056338028169014086 0.19083969465648856
0 0.6619718309859155 0.8664122137404581 0.056338028169014086 0.183206106870229
7 0.30809859154929575 0.8664122137404581 0.05985915492957746 0.183206106870229
3 0.5985915492957746 0.8664122137404581 0.05985915492957746 0.19083969465648856
0 0.8503521126760564 0.8664122137404581 0.05985915492957746 0.183206106870229
5 0.9119718309859155 0.8702290076335878 0.056338028169014086 0.183206106870229
1 0.7887323943661971 0.8702290076335878 0.04929577464788732 0.183206106870229