5 0.303347280334728 0.8715596330275229 0.0502092050209205 0.2018348623853211
5 0.4372384937238494 0.8807339449541285 0.05439330543933055 0.2018348623853211
0 0.5564853556485355 0.8761467889908257 0.058577405857740586 0.1926605504587156
0 0.6255230125523012 0.8761467889908257 0.058577405857740586 0.1926605504587156
0 0.18410041841004185 0.8577981651376146 0.04602510460251046 0.1926605504587156
1 0.696652719665272 0.8807339449541285 0.0502092050209205 0.1926605504587156
0 0.7635983263598326 0.8761467889908257 0.058577405857740586 0.1926605504587156
0 0.1297071129707113 0.8486238532110092 0.04602510460251046 0.1834862385321101
0 0.24267782426778242 0.8669724770642202 0.0502092050209205 0.1926605504587156
1 0.8305439330543933 0.8761467889908257 0.04602510460251046 0.1926605504587156
1 0.3702928870292887 0.8761467889908257 0.04602510460251046 0.1926605504587156
7 0.8891213389121339 0.8715596330275229 0.04602510460251046 0.2018348623853211
4 0.04184100418410042 0.8440366972477065 0.03765690376569038 0.1834862385321101