2 0.6259259259259259 0.907035175879397 0.04197530864197531 0.1306532663316583
8 0.07777777777777778 0.9045226130653267 0.044444444444444446 0.1306532663316583
8 0.3691358024691358 0.907035175879397 0.03950617283950617 0.12562814070351758
9 0.4839506172839506 0.907035175879397 0.04197530864197531 0.1306532663316583
0 0.19753086419753085 0.9045226130653267 0.04197530864197531 0.1306532663316583
0 0.42592592592592593 0.9045226130653267 0.04197530864197531 0.1306532663316583
3 0.8580246913580247 0.9020100502512562 0.044444444444444446 0.1306532663316583
5 0.6814814814814815 0.9045226130653267 0.044444444444444446 0.1306532663316583
5 0.5703703703703704 0.9045226130653267 0.044444444444444446 0.12562814070351758
7 0.25679012345679014 0.907035175879397 0.044444444444444446 0.1306532663316583
7 0.7395061728395061 0.9045226130653267 0.04197530864197531 0.1306532663316583
6 0.31234567901234567 0.907035175879397 0.044444444444444446 0.12562814070351758
6 0.8 0.9045226130653267 0.044444444444444446 0.1306532663316583