8 0.05270655270655271 0.8661616161616161 0.045584045584045586 0.12121212121212122
9 0.49145299145299143 0.8939393939393939 0.045584045584045586 0.12121212121212122
8 0.3646723646723647 0.8888888888888888 0.042735042735042736 0.12121212121212122
3 0.9031339031339032 0.9015151515151515 0.04843304843304843 0.12121212121212122
2 0.6467236467236467 0.898989898989899 0.045584045584045586 0.12121212121212122
6 0.3034188034188034 0.8863636363636364 0.045584045584045586 0.12121212121212122
0 0.42735042735042733 0.8888888888888888 0.045584045584045586 0.12121212121212122
0 0.1794871794871795 0.8762626262626263 0.045584045584045586 0.11616161616161616
5 0.7065527065527065 0.898989898989899 0.04843304843304843 0.12121212121212122
7 0.7735042735042735 0.9015151515151515 0.04843304843304843 0.12626262626262627
5 0.584045584045584 0.8939393939393939 0.045584045584045586 0.12121212121212122
7 0.24358974358974358 0.8813131313131313 0.04843304843304843 0.12626262626262627
6 0.8376068376068376 0.9015151515151515 0.04843304843304843 0.12121212121212122