9 0.8893805309734514 0.8431372549019608 0.05309734513274336 0.17647058823529413
1 0.6482300884955752 0.8431372549019608 0.048672566371681415 0.17647058823529413
8 0.7676991150442478 0.8431372549019608 0.05309734513274336 0.17647058823529413
0 0.17035398230088494 0.8284313725490197 0.05309734513274336 0.17647058823529413
0 0.8296460176991151 0.8431372549019608 0.05309734513274336 0.17647058823529413
6 0.41814159292035397 0.8382352941176471 0.05309734513274336 0.17647058823529413
0 0.2323008849557522 0.8333333333333334 0.05309734513274336 0.17647058823529413
5 0.7057522123893806 0.8431372549019608 0.05309734513274336 0.17647058823529413
5 0.48008849557522126 0.8382352941176471 0.05309734513274336 0.17647058823529413
0 0.584070796460177 0.8382352941176471 0.05309734513274336 0.17647058823529413
4 0.046460176991150445 0.8333333333333334 0.05309734513274336 0.18627450980392157
7 0.2942477876106195 0.8333333333333334 0.05752212389380531 0.18627450980392157
9 0.3561946902654867 0.8333333333333334 0.05309734513274336 0.17647058823529413