0 0.125 0.8704453441295547 0.09693877551020408 0.05668016194331984
5 0.125 0.8117408906882592 0.09693877551020408 0.05263157894736842
0 0.11989795918367346 0.2631578947368421 0.09693877551020408 0.05668016194331984
0 0.12244897959183673 0.5910931174089069 0.09693877551020408 0.05668016194331984
0 0.11734693877551021 0.20242914979757085 0.09693877551020408 0.05668016194331984
6 0.125 0.6983805668016194 0.10204081632653061 0.05668016194331984
3 0.125 0.4959514170040486 0.10204081632653061 0.05668016194331984
3 0.12244897959183673 0.3825910931174089 0.09693877551020408 0.05668016194331984
4 0.1214795918367347 0.07615384615384616 0.09826530612244899 0.052429149797570844
9 0.12346938775510204 0.755425101214575 0.1113265306122449 0.05696356275303644
4 0.12061224489795919 0.32348178137651823 0.1101530612244898 0.06125506072874494
1 0.1268877551020408 0.6421052631578947 0.1045408163265306 0.046234817813765185
5 0.1268877551020408 0.43838056680161946 0.1045408163265306 0.04364372469635627