2 0.7077922077922078 0.9015151515151515 0.05627705627705628 0.14393939393939395
0 0.19264069264069264 0.8863636363636364 0.05627705627705628 0.15151515151515152
4 0.06060606060606061 0.8825757575757576 0.05627705627705628 0.15151515151515152
0 0.2554112554112554 0.8863636363636364 0.06060606060606061 0.15151515151515152
8 0.6493506493506493 0.8977272727272727 0.05627705627705628 0.15151515151515152
9 0.43506493506493504 0.8939393939393939 0.05627705627705628 0.14393939393939395
0 0.7662337662337663 0.9015151515151515 0.05627705627705628 0.15151515151515152
1 0.49567099567099565 0.8939393939393939 0.047619047619047616 0.14393939393939395
9 0.8246753246753247 0.9053030303030303 0.05627705627705628 0.14393939393939395
5 0.5887445887445888 0.8977272727272727 0.05627705627705628 0.14393939393939395
5 0.37445887445887444 0.8939393939393939 0.05627705627705628 0.14393939393939395
6 0.8852813852813853 0.9053030303030303 0.05194805194805195 0.14393939393939395
7 0.31601731601731603 0.8901515151515151 0.06060606060606061 0.14393939393939395