9 0.34098360655737703 0.8664772727272727 0.05245901639344262 0.14204545454545456
8 0.2786885245901639 0.8693181818181818 0.05245901639344262 0.14204545454545456
4 0.7475409836065574 0.8636363636363636 0.05573770491803279 0.13636363636363635
0 0.1540983606557377 0.8664772727272727 0.05573770491803279 0.14204545454545456
8 0.5622950819672131 0.8664772727272727 0.05245901639344262 0.14204545454545456
0 0.6852459016393443 0.8636363636363636 0.05573770491803279 0.14204545454545456
0 0.21639344262295082 0.8693181818181818 0.05573770491803279 0.14204545454545456
5 0.8721311475409836 0.8636363636363636 0.05245901639344262 0.14204545454545456
1 0.4 0.8664772727272727 0.04590163934426229 0.13636363636363635
1 0.6245901639344262 0.8636363636363636 0.04590163934426229 0.13636363636363635
3 0.46229508196721314 0.8664772727272727 0.05245901639344262 0.14204545454545456
1 0.8098360655737705 0.8636363636363636 0.04590163934426229 0.14204545454545456
4 0.054098360655737705 0.8721590909090909 0.05573770491803279 0.13636363636363635