4 0.048494983277591976 0.8873626373626373 0.05351170568561873 0.12637362637362637
0 0.1956521739130435 0.8846153846153846 0.05016722408026756 0.12637362637362637
1 0.24581939799331104 0.8873626373626373 0.04013377926421405 0.12087912087912088
2 0.342809364548495 0.8846153846153846 0.05016722408026756 0.12637362637362637
9 0.8678929765886287 0.8928571428571429 0.05351170568561873 0.12637362637362637
1 0.29264214046822745 0.8846153846153846 0.04013377926421405 0.12637362637362637
8 0.7709030100334449 0.8928571428571429 0.046822742474916385 0.12087912087912088
0 0.4414715719063545 0.8846153846153846 0.046822742474916385 0.12637362637362637
2 0.6237458193979933 0.8878021978021978 0.05016722408026756 0.130989010989011
2 0.7224080267558528 0.8873626373626373 0.05016722408026756 0.13186813186813187
2 0.6739130434782609 0.8901098901098901 0.05016722408026756 0.12637362637362637
4 0.391304347826087 0.8873626373626373 0.043478260869565216 0.12637362637362637
7 0.8210367892976589 0.8924175824175824 0.04939799331103679 0.13252747252747255