0 0.7044673539518901 0.7445652173913043 0.058419243986254296 0.22826086956521738
8 0.48281786941580757 0.7608695652173914 0.05154639175257732 0.21739130434782608
0 0.8247422680412371 0.7391304347826086 0.061855670103092786 0.22826086956521738
5 0.6460481099656358 0.75 0.054982817869415807 0.22826086956521738
8 0.36254295532646047 0.7717391304347826 0.05154639175257732 0.21739130434782608
0 0.422680412371134 0.7608695652173914 0.05154639175257732 0.22826086956521738
4 0.05326460481099656 0.7989130434782609 0.054982817869415807 0.22826086956521738
6 0.5859106529209622 0.7554347826086957 0.058419243986254296 0.22826086956521738
5 0.7628865979381443 0.7445652173913043 0.054982817869415807 0.22826086956521738
5 0.3024054982817869 0.7771739130434783 0.05154639175257732 0.22826086956521738
0 0.24054982817869416 0.7771739130434783 0.054982817869415807 0.22826086956521738
7 0.8865979381443299 0.7336956521739131 0.05154639175257732 0.21739130434782608
0 0.18034364261168384 0.778804347826087 0.05405498281786942 0.21380434782608698