2 0.4721030042918455 0.8786407766990292 0.04721030042918455 0.17475728155339806
5 0.41416309012875535 0.8786407766990292 0.05150214592274678 0.17475728155339806
0 0.18454935622317598 0.8883495145631068 0.05150214592274678 0.1650485436893204
0 0.7381974248927039 0.8592233009708737 0.05150214592274678 0.1650485436893204
0 0.6244635193133047 0.8640776699029126 0.04721030042918455 0.1650485436893204
0 0.24248927038626608 0.8883495145631068 0.05150214592274678 0.1650485436893204
7 0.30042918454935624 0.883495145631068 0.05150214592274678 0.1650485436893204
5 0.3583690987124464 0.883495145631068 0.05150214592274678 0.17475728155339806
5 0.7939914163090128 0.8592233009708737 0.04721030042918455 0.17475728155339806
6 0.6802575107296137 0.8640776699029126 0.04721030042918455 0.1650485436893204
4 0.06866952789699571 0.8932038834951457 0.04721030042918455 0.1650485436893204
1 0.8497854077253219 0.8543689320388349 0.04291845493562232 0.1650485436893204
3 0.5686695278969958 0.8689320388349514 0.05150214592274678 0.1650485436893204