8 0.6172413793103448 0.8613861386138614 0.04827586206896552 0.10891089108910891
3 0.4068965517241379 0.8143564356435643 0.05172413793103448 0.10891089108910891
3 0.5603448275862069 0.849009900990099 0.05172413793103448 0.10891089108910891
0 0.18448275862068966 0.7623762376237624 0.04482758620689655 0.10396039603960396
0 0.35 0.7995049504950495 0.04827586206896552 0.10396039603960396
0 0.46379310344827585 0.8242574257425742 0.04827586206896552 0.10396039603960396
0 0.23793103448275862 0.7722772277227723 0.04827586206896552 0.10396039603960396
3 0.6741379310344827 0.8737623762376238 0.05172413793103448 0.10891089108910891
5 0.7293103448275862 0.8886138613861386 0.05172413793103448 0.10891089108910891
5 0.7862068965517242 0.9034653465346535 0.05172413793103448 0.10891089108910891
8 0.07586206896551724 0.7301980198019802 0.05172413793103448 0.10891089108910891
4 0.29310344827586204 0.7896039603960396 0.041379310344827586 0.10891089108910891
5 0.8448275862068966 0.9158415841584159 0.05172413793103448 0.10396039603960396