2 0.6111111111111112 0.883495145631068 0.05761316872427984 0.1941747572815534
0 0.19547325102880658 0.8689320388349514 0.05761316872427984 0.1941747572815534
8 0.8930041152263375 0.8689320388349514 0.04938271604938271 0.17475728155339806
5 0.38477366255144035 0.8786407766990292 0.053497942386831275 0.1941747572815534
0 0.25925925925925924 0.8737864077669902 0.05761316872427984 0.1941747572815534
1 0.720164609053498 0.8737864077669902 0.0411522633744856 0.18446601941747573
0 0.8353909465020576 0.8689320388349514 0.04938271604938271 0.18446601941747573
0 0.32510288065843623 0.8786407766990292 0.05761316872427984 0.1941747572815534
0 0.44650205761316875 0.8786407766990292 0.06172839506172839 0.1941747572815534
3 0.5123456790123457 0.883495145631068 0.05761316872427984 0.18446601941747573
0 0.7757201646090535 0.8737864077669902 0.053497942386831275 0.18446601941747573
1 0.668724279835391 0.8786407766990292 0.0411522633744856 0.18446601941747573
4 0.06584362139917696 0.8543689320388349 0.053497942386831275 0.20388349514563106