4 0.47900763358778625 0.8348214285714286 0.04580152671755725 0.17857142857142858
8 0.3606870229007634 0.8258928571428571 0.04961832061068702 0.17857142857142858
0 0.24045801526717558 0.8169642857142857 0.04961832061068702 0.17857142857142858
9 0.29961832061068705 0.8214285714285714 0.04961832061068702 0.17857142857142858
0 0.7595419847328244 0.84375 0.04961832061068702 0.1875
0 0.18129770992366412 0.8169642857142857 0.04961832061068702 0.17857142857142858
0 0.5801526717557252 0.8348214285714286 0.04961832061068702 0.1875
4 0.05916030534351145 0.8125 0.04961832061068702 0.1875
6 0.6412213740458015 0.8392857142857143 0.05343511450381679 0.1875
3 0.8187022900763359 0.8482142857142857 0.05343511450381679 0.1875
3 0.8778625954198473 0.8482142857142857 0.04961832061068702 0.1875
6 0.4198473282442748 0.8303571428571429 0.04961832061068702 0.17857142857142858
7 0.700381679389313 0.84375 0.04961832061068702 0.1875