2 0.6996805111821086 0.71875 0.04792332268370607 0.2625
8 0.476038338658147 0.71875 0.04472843450479233 0.25
1 0.2827476038338658 0.725 0.04153354632587859 0.2625
3 0.8258785942492013 0.70625 0.04472843450479233 0.25
5 0.889776357827476 0.70625 0.04792332268370607 0.25
4 0.04472843450479233 0.73125 0.04472843450479233 0.2625
1 0.6373801916932907 0.71875 0.04153354632587859 0.2625
1 0.7635782747603834 0.7125 0.04153354632587859 0.2625
4 0.34824281150159747 0.71875 0.04472843450479233 0.25
3 0.41054313099041534 0.71875 0.04472843450479233 0.2625
0 0.15335463258785942 0.73125 0.04472843450479233 0.2625
0 0.21884984025559107 0.725 0.04792332268370607 0.2625
0 0.5776357827476039 0.7125 0.04523961661341853 0.2485