3 0.3819444444444444 0.8275862068965517 0.05555555555555555 0.28735632183908044
5 0.4409722222222222 0.8218390804597702 0.04861111111111111 0.28735632183908044
2 0.7934027777777778 0.8218390804597702 0.04861111111111111 0.28735632183908044
3 0.5034722222222222 0.8275862068965517 0.052083333333333336 0.28735632183908044
0 0.19791666666666666 0.8275862068965517 0.052083333333333336 0.27586206896551724
0 0.2586805555555556 0.8275862068965517 0.052083333333333336 0.28735632183908044
0 0.6111111111111112 0.8218390804597702 0.052083333333333336 0.28735632183908044
8 0.8541666666666666 0.8218390804597702 0.04861111111111111 0.28735632183908044
0 0.9166666666666666 0.8218390804597702 0.052083333333333336 0.28735632183908044
4 0.3211805555555556 0.8218390804597702 0.052083333333333336 0.28735632183908044
6 0.6736111111111112 0.8218390804597702 0.052083333333333336 0.28735632183908044
4 0.07291666666666667 0.8333333333333334 0.052083333333333336 0.28735632183908044
7 0.734375 0.8218390804597702 0.052083333333333336 0.28735632183908044