4 0.7537537537537538 0.9202586206896551 0.04504504504504504 0.10775862068965517
8 0.05855855855855856 0.915948275862069 0.04804804804804805 0.11206896551724138
3 0.5765765765765766 0.9202586206896551 0.05105105105105105 0.11206896551724138
3 0.2957957957957958 0.9181034482758621 0.05105105105105105 0.11206896551724138
0 0.35435435435435436 0.9181034482758621 0.05105105105105105 0.11206896551724138
0 0.6951951951951952 0.9202586206896551 0.04804804804804805 0.10775862068965517
0 0.17717717717717718 0.915948275862069 0.04804804804804805 0.10775862068965517
0 0.23723723723723725 0.9181034482758621 0.05105105105105105 0.11206896551724138
0 0.4744744744744745 0.9181034482758621 0.04804804804804805 0.11206896551724138
0 0.8123123123123123 0.915948275862069 0.04804804804804805 0.10344827586206896
0 0.4144144144144144 0.9181034482758621 0.05105105105105105 0.11206896551724138
6 0.6366366366366366 0.9224137931034483 0.04804804804804805 0.10775862068965517
4 0.8693693693693694 0.9181034482758621 0.04504504504504504 0.10775862068965517