8 0.7079207920792079 0.8611111111111112 0.04950495049504951 0.14814814814814814
2 0.7698019801980198 0.8611111111111112 0.054455445544554455 0.14814814814814814
8 0.06188118811881188 0.8611111111111112 0.054455445544554455 0.14814814814814814
2 0.8960396039603961 0.8611111111111112 0.04950495049504951 0.1574074074074074
0 0.6435643564356436 0.8611111111111112 0.054455445544554455 0.14814814814814814
3 0.41089108910891087 0.8611111111111112 0.054455445544554455 0.1574074074074074
0 0.1608910891089109 0.8611111111111112 0.04950495049504951 0.14814814814814814
0 0.22277227722772278 0.8611111111111112 0.054455445544554455 0.14814814814814814
7 0.47277227722772275 0.8611111111111112 0.054455445544554455 0.1574074074074074
1 0.8341584158415841 0.8611111111111112 0.04950495049504951 0.14814814814814814
6 0.5816831683168316 0.8611111111111112 0.054455445544554455 0.14814814814814814
5 0.3465346534653465 0.8611111111111112 0.04950495049504951 0.14814814814814814
4 0.28465346534653463 0.8611111111111112 0.04950495049504951 0.1574074074074074