3 0.7828054298642534 0.7802197802197802 0.05429864253393665 0.2087912087912088
2 0.3235294117647059 0.8296703296703297 0.05429864253393665 0.2087912087912088
2 0.8416289592760181 0.7802197802197802 0.05429864253393665 0.1978021978021978
0 0.20135746606334842 0.8406593406593407 0.058823529411764705 0.2087912087912088
0 0.6628959276018099 0.7912087912087912 0.05429864253393665 0.1978021978021978
0 0.6040723981900452 0.7967032967032966 0.05429864253393665 0.1978021978021978
8 0.38687782805429866 0.8241758241758241 0.05429864253393665 0.1978021978021978
4 0.06334841628959276 0.8461538461538461 0.05429864253393665 0.18681318681318682
3 0.7239819004524887 0.7857142857142857 0.05429864253393665 0.2087912087912088
9 0.4479638009049774 0.8186813186813187 0.05429864253393665 0.1978021978021978
5 0.504524886877828 0.8076923076923077 0.05429864253393665 0.2087912087912088
1 0.25565610859728505 0.8351648351648352 0.04524886877828054 0.18681318681318682
1 0.8959276018099548 0.7692307692307693 0.04524886877828054 0.18681318681318682