2 0.90625 0.9146919431279621 0.053125 0.12322274881516587
0 0.5953125 0.9265402843601895 0.053125 0.11848341232227488
8 0.8453125 0.9170616113744076 0.053125 0.11848341232227488
4 0.3625 0.9218009478672986 0.053125 0.11374407582938388
0 0.4859375 0.9241706161137441 0.053125 0.11374407582938388
6 0.659375 0.9265402843601895 0.05625 0.11848341232227488
4 0.784375 0.919431279620853 0.05 0.11374407582938388
8 0.721875 0.9241706161137441 0.053125 0.11848341232227488
0 0.4234375 0.9218009478672986 0.053125 0.11374407582938388
6 0.1734375 0.9218009478672986 0.05625 0.11848341232227488
0 0.2984375 0.919431279620853 0.053125 0.11374407582938388
1 0.2375 0.9218009478672986 0.046875 0.11374407582938388
7 0.04375 0.9170616113744076 0.059375 0.12322274881516587