2 0.8 0.8742331288343558 0.045283018867924525 0.12883435582822086
4 0.37735849056603776 0.8926380368098159 0.045283018867924525 0.12269938650306748
9 0.7471698113207547 0.8742331288343558 0.04905660377358491 0.12883435582822086
0 0.4867924528301887 0.8865030674846626 0.04905660377358491 0.12883435582822086
0 0.2641509433962264 0.8987730061349694 0.04905660377358491 0.12883435582822086
0 0.20754716981132076 0.901840490797546 0.04905660377358491 0.12883435582822086
4 0.8547169811320755 0.8711656441717791 0.045283018867924525 0.12269938650306748
0 0.6924528301886792 0.8773006134969326 0.045283018867924525 0.12883435582822086
4 0.09433962264150944 0.9079754601226994 0.04905660377358491 0.13496932515337423
1 0.5849056603773585 0.8834355828220859 0.04150943396226415 0.12269938650306748
6 0.6377358490566037 0.8834355828220859 0.04905660377358491 0.12883435582822086
0 0.4320754716981132 0.8895705521472392 0.04905660377358491 0.12883435582822086
8 0.32075471698113206 0.8957055214723927 0.04905660377358491 0.12269938650306748