8 0.807277628032345 0.8173076923076923 0.05929919137466307 0.09935897435897435
2 0.9299191374663073 0.7836538461538461 0.05929919137466307 0.08974358974358974
6 0.34097035040431267 0.9294871794871795 0.05121293800539083 0.09615384615384616
0 0.22776280323450135 0.9535256410256411 0.04851752021563342 0.09294871794871795
5 0.623989218328841 0.8573717948717948 0.05121293800539083 0.09935897435897435
8 0.3975741239892183 0.9166666666666666 0.05390835579514825 0.10256410256410256
1 0.46226415094339623 0.8974358974358975 0.04582210242587601 0.09615384615384616
0 0.7439353099730458 0.8301282051282052 0.05660377358490566 0.09935897435897435
0 0.5202156334231806 0.8830128205128205 0.05660377358490566 0.10256410256410256
0 0.683288409703504 0.8413461538461539 0.05660377358490566 0.09294871794871795
8 0.11725067385444744 0.9663461538461539 0.04851752021563342 0.0673076923076923
7 0.862533692722372 0.8012820512820513 0.05660377358490566 0.10256410256410256
7 0.2776280323450135 0.9439102564102564 0.05121293800539083 0.09615384615384616