2 0.826171875 0.9182389937106918 0.05078125 0.12578616352201258
4 0.05078125 0.9308176100628931 0.05078125 0.1320754716981132
0 0.173828125 0.9245283018867925 0.05078125 0.12578616352201258
0 0.236328125 0.9213836477987422 0.05078125 0.12578616352201258
0 0.296875 0.9213836477987422 0.05078125 0.12578616352201258
3 0.419921875 0.9182389937106918 0.05078125 0.12578616352201258
0 0.583984375 0.9150943396226415 0.05078125 0.12578616352201258
9 0.48046875 0.9182389937106918 0.05078125 0.12578616352201258
6 0.70703125 0.9182389937106918 0.05078125 0.12578616352201258
3 0.646484375 0.9182389937106918 0.05078125 0.12578616352201258
7 0.767578125 0.9150943396226415 0.0546875 0.12578616352201258
3 0.361328125 0.9182389937106918 0.0546875 0.12578616352201258
1 0.888671875 0.9150943396226415 0.0390625 0.11949685534591195