2 0.09390862944162437 0.37184873949579833 0.1065989847715736 0.06722689075630252
2 0.09390862944162437 0.8067226890756303 0.10152284263959391 0.06302521008403361
3 0.09553299492385788 0.5042016806722689 0.1084771573604061 0.06302521008403361
4 0.09736040609137056 0.030630252100840336 0.11071065989847716 0.06126050420168067
0 0.10071065989847716 0.16630252100840334 0.11147208121827412 0.0611764705882353
0 0.09979695431472081 0.2388235294117647 0.10959390862944163 0.06302521008403361
0 0.09847715736040609 0.3049579831932773 0.11598984771573605 0.06764705882352942
9 0.10091370558375634 0.4370588235294117 0.11482233502538071 0.06722689075630252
0 0.09680203045685279 0.6142436974789915 0.11558375634517766 0.07289915966386555
0 0.0963959390862944 0.6797478991596638 0.10883248730964468 0.06382352941176471
1 0.10091370558375634 0.743235294117647 0.11482233502538071 0.05382352941176471
7 0.09715736040609137 0.8630672268907563 0.10730964467005076 0.06310924369747899
8 0.10299492385786801 0.9271848739495798 0.10695431472081218 0.05436974789915966