2 0.6431095406360424 0.9017857142857143 0.053003533568904596 0.13095238095238096
2 0.30212014134275617 0.8958333333333334 0.053003533568904596 0.13095238095238096
8 0.4787985865724382 0.9017857142857143 0.053003533568904596 0.13095238095238096
0 0.24381625441696114 0.8898809523809523 0.053003533568904596 0.13095238095238096
1 0.7614840989399293 0.8988095238095238 0.045936395759717315 0.125
0 0.5865724381625441 0.9017857142857143 0.053003533568904596 0.13095238095238096
0 0.1855123674911661 0.8869047619047619 0.04946996466431095 0.13095238095238096
0 0.8798586572438163 0.8928571428571429 0.053003533568904596 0.13095238095238096
4 0.8215547703180212 0.8988095238095238 0.053003533568904596 0.13095238095238096
4 0.41872791519434627 0.8988095238095238 0.04946996466431095 0.13095238095238096
4 0.36042402826855124 0.8958333333333334 0.04946996466431095 0.125
7 0.7049469964664311 0.8988095238095238 0.05653710247349823 0.13690476190476192
4 0.07420494699646643 0.875 0.04946996466431095 0.13095238095238096