8 0.41150442477876104 0.8768115942028986 0.04424778761061947 0.10869565217391304
0 0.17256637168141592 0.8804347826086957 0.04424778761061947 0.10869565217391304
0 0.2323008849557522 0.8804347826086957 0.048672566371681415 0.10869565217391304
0 0.8672566371681416 0.8695652173913043 0.04424778761061947 0.10869565217391304
4 0.6858407079646017 0.8731884057971014 0.04424778761061947 0.10869565217391304
1 0.47123893805309736 0.8768115942028986 0.03982300884955752 0.10869565217391304
7 0.35176991150442477 0.8768115942028986 0.048672566371681415 0.11594202898550725
1 0.6261061946902655 0.8768115942028986 0.03982300884955752 0.10869565217391304
1 0.5663716814159292 0.8768115942028986 0.03982300884955752 0.10869565217391304
6 0.8075221238938053 0.8731884057971014 0.048672566371681415 0.10869565217391304
4 0.07743362831858407 0.8840579710144928 0.04424778761061947 0.10869565217391304
5 0.745575221238938 0.8731884057971014 0.04424778761061947 0.10869565217391304
5 0.2920353982300885 0.8804347826086957 0.04424778761061947 0.10869565217391304