8 0.7508196721311475 0.8893805309734514 0.04918032786885246 0.08849557522123894
8 0.2934426229508197 0.8960176991150443 0.04918032786885246 0.09292035398230089
0 0.6918032786885245 0.8893805309734514 0.04918032786885246 0.08849557522123894
0 0.8114754098360656 0.8871681415929203 0.04918032786885246 0.08849557522123894
0 0.23442622950819672 0.8960176991150443 0.04918032786885246 0.09292035398230089
0 0.1737704918032787 0.8960176991150443 0.04918032786885246 0.09292035398230089
5 0.8688524590163934 0.8871681415929203 0.04590163934426229 0.09292035398230089
1 0.3590163934426229 0.8960176991150443 0.04262295081967213 0.09292035398230089
7 0.5754098360655737 0.8915929203539823 0.04918032786885246 0.09734513274336283
4 0.07377049180327869 0.9026548672566371 0.04918032786885246 0.09292035398230089
4 0.4131147540983607 0.8938053097345132 0.04590163934426229 0.09292035398230089
6 0.4737704918032787 0.8938053097345132 0.04918032786885246 0.08849557522123894
9 0.6327868852459017 0.8915929203539823 0.04918032786885246 0.08849557522123894