2 0.6459143968871596 0.8066666666666666 0.054474708171206226 0.25333333333333335
8 0.8385214007782101 0.8 0.05058365758754864 0.25333333333333335
8 0.7723735408560312 0.8 0.05058365758754864 0.24
3 0.35019455252918286 0.8066666666666666 0.054474708171206226 0.25333333333333335
3 0.585603112840467 0.8 0.05058365758754864 0.25333333333333335
4 0.05642023346303502 0.82 0.05058365758754864 0.24
0 0.15953307392996108 0.8133333333333334 0.05058365758754864 0.24
3 0.28793774319066145 0.8133333333333334 0.054474708171206226 0.25333333333333335
0 0.41245136186770426 0.8066666666666666 0.054474708171206226 0.24
5 0.9007782101167315 0.7933333333333333 0.05058365758754864 0.25333333333333335
7 0.47470817120622566 0.8066666666666666 0.05058365758754864 0.25333333333333335
1 0.22568093385214008 0.82 0.042801556420233464 0.24
6 0.7101167315175098 0.8 0.05058365758754864 0.25333333333333335