2 0.7666666666666667 0.8488372093023255 0.05416666666666667 0.16279069767441862
9 0.5916666666666667 0.8488372093023255 0.05416666666666667 0.16279069767441862
9 0.88125 0.8449612403100775 0.05416666666666667 0.16279069767441862
5 0.7083333333333334 0.8488372093023255 0.05 0.16279069767441862
0 0.3125 0.8488372093023255 0.058333333333333334 0.17054263565891473
2 0.3729166666666667 0.8527131782945736 0.05416666666666667 0.17054263565891473
4 0.06875 0.8565891472868217 0.058333333333333334 0.17054263565891473
0 0.25416666666666665 0.8527131782945736 0.05416666666666667 0.17054263565891473
0 0.4895833333333333 0.8488372093023255 0.05416666666666667 0.17054263565891473
0 0.19375 0.8527131782945736 0.05416666666666667 0.17054263565891473
0 0.825 0.8449612403100775 0.05416666666666667 0.16279069767441862
0 0.6520833333333333 0.8449612403100775 0.05416666666666667 0.16279069767441862
7 0.43125 0.8488372093023255 0.05 0.16279069767441862