2 0.7355072463768116 0.8926829268292683 0.050724637681159424 0.08780487804878048
3 0.8568840579710145 0.8926829268292683 0.050724637681159424 0.08780487804878048
0 0.5597826086956522 0.8926829268292683 0.050724637681159424 0.08292682926829269
0 0.23007246376811594 0.9 0.05434782608695652 0.08292682926829269
3 0.34782608695652173 0.8975609756097561 0.05434782608695652 0.08780487804878048
0 0.17391304347826086 0.9 0.04710144927536232 0.07804878048780488
4 0.6159420289855072 0.8926829268292683 0.050724637681159424 0.08292682926829269
4 0.28804347826086957 0.8951219512195122 0.043478260869565216 0.07804878048780488
3 0.46557971014492755 0.8951219512195122 0.050724637681159424 0.08780487804878048
5 0.4057971014492754 0.8975609756097561 0.04710144927536232 0.08292682926829269
7 0.677536231884058 0.8902439024390244 0.05434782608695652 0.08780487804878048
1 0.7952898550724637 0.8926829268292683 0.03985507246376811 0.07804878048780488
4 0.10326086956521739 0.9 0.05434782608695652 0.08292682926829269