2 0.3053571428571429 0.8784530386740331 0.05 0.11602209944751381
6 0.36428571428571427 0.8756906077348067 0.05 0.11049723756906077
5 0.7892857142857143 0.856353591160221 0.04642857142857143 0.11049723756906077
0 0.18928571428571428 0.8812154696132597 0.05 0.11602209944751381
4 0.4785714285714286 0.8701657458563536 0.04642857142857143 0.11049723756906077
0 0.24821428571428572 0.8784530386740331 0.05 0.11602209944751381
0 0.625 0.861878453038674 0.05 0.11049723756906077
5 0.8446428571428571 0.856353591160221 0.04642857142857143 0.11049723756906077
1 0.6803571428571429 0.861878453038674 0.04285714285714286 0.11049723756906077
4 0.42142857142857143 0.8729281767955801 0.05 0.11049723756906077
7 0.7357142857142858 0.8591160220994475 0.04642857142857143 0.11602209944751381
6 0.5696428571428571 0.8674033149171271 0.05 0.11049723756906077
4 0.06964285714285715 0.8895027624309392 0.05 0.12154696132596685