8 0.48442367601246106 0.7740384615384616 0.0529595015576324 0.21153846153846154
8 0.3644859813084112 0.7788461538461539 0.0529595015576324 0.22115384615384615
0 0.705607476635514 0.7596153846153846 0.059190031152647975 0.23076923076923078
0 0.8255451713395638 0.7548076923076923 0.06230529595015576 0.23076923076923078
0 0.1838006230529595 0.7836538461538461 0.056074766355140186 0.22115384615384615
0 0.24454828660436137 0.7836538461538461 0.056074766355140186 0.22115384615384615
5 0.3052959501557632 0.7836538461538461 0.0529595015576324 0.22115384615384615
0 0.4252336448598131 0.7740384615384616 0.0529595015576324 0.22115384615384615
5 0.764797507788162 0.7596153846153846 0.056074766355140186 0.23076923076923078
6 0.5872274143302181 0.7692307692307693 0.056074766355140186 0.23076923076923078
5 0.6464174454828661 0.7644230769230769 0.056074766355140186 0.23076923076923078
4 0.05763239875389408 0.7980769230769231 0.056074766355140186 0.23076923076923078
7 0.8862928348909658 0.75 0.0529595015576324 0.22115384615384615