2 0.9195652173913044 0.8218390804597702 0.06086956521739131 0.1724137931034483
0 0.658695652173913 0.8275862068965517 0.05652173913043478 0.16091954022988506
1 0.44130434782608696 0.8333333333333334 0.05217391304347826 0.1724137931034483
1 0.3739130434782609 0.8390804597701149 0.04782608695652174 0.16091954022988506
7 0.3075217391304348 0.8385057471264368 0.0632608695652174 0.16195402298850575
9 0.7260869565217392 0.8275862068965517 0.06086956521739131 0.16091954022988506
1 0.5043478260869565 0.8333333333333334 0.04782608695652174 0.1724137931034483
0 0.24130434782608695 0.8390804597701149 0.06521739130434782 0.16091954022988506
1 0.8565217391304348 0.8218390804597702 0.04782608695652174 0.1724137931034483
0 0.7913043478260869 0.8218390804597702 0.06086956521739131 0.16091954022988506
0 0.17608695652173914 0.8390804597701149 0.05217391304347826 0.1724137931034483
4 0.06521739130434782 0.8448275862068966 0.06521739130434782 0.1724137931034483
6 0.5978260869565217 0.8275862068965517 0.05217391304347826 0.16091954022988506