8 0.36964980544747084 0.7738095238095238 0.054474708171206226 0.21428571428571427
8 0.490272373540856 0.7619047619047619 0.054474708171206226 0.21428571428571427
6 0.5933852140077821 0.7559523809523809 0.058365758754863814 0.2261904761904762
0 0.18482490272373542 0.7797619047619048 0.058365758754863814 0.2261904761904762
0 0.7140077821011673 0.7440476190476191 0.058365758754863814 0.2261904761904762
0 0.8346303501945526 0.7380952380952381 0.0622568093385214 0.2261904761904762
0 0.24708171206225682 0.7797619047619048 0.058365758754863814 0.21428571428571427
0 0.42996108949416345 0.7619047619047619 0.054474708171206226 0.2261904761904762
5 0.6536964980544747 0.75 0.058365758754863814 0.2261904761904762
5 0.77431906614786 0.7440476190476191 0.058365758754863814 0.2261904761904762
7 0.8949416342412452 0.7321428571428571 0.05058365758754864 0.21428571428571427
4 0.05642023346303502 0.7976190476190477 0.054474708171206226 0.2261904761904762
5 0.3093385214007782 0.7738095238095238 0.054474708171206226 0.21428571428571427