8 0.2827586206896552 0.8802816901408451 0.04827586206896552 0.09859154929577464
0 0.17413793103448275 0.8708920187793427 0.04482758620689655 0.09859154929577464
9 0.8241379310344827 0.8990610328638498 0.041379310344827586 0.09859154929577464
6 0.33793103448275863 0.8849765258215962 0.04827586206896552 0.10328638497652583
0 0.7706896551724138 0.8967136150234741 0.04482758620689655 0.09859154929577464
1 0.6637931034482759 0.8967136150234741 0.04482758620689655 0.10328638497652583
4 0.0706896551724138 0.8661971830985915 0.04482758620689655 0.10328638497652583
0 0.22758620689655173 0.8755868544600939 0.04827586206896552 0.09859154929577464
0 0.7172413793103448 0.8943661971830986 0.04482758620689655 0.09859154929577464
6 0.6068965517241379 0.8943661971830986 0.04482758620689655 0.10328638497652583
1 0.39655172413793105 0.8873239436619719 0.04482758620689655 0.10328638497652583
6 0.5517241379310345 0.8943661971830986 0.04482758620689655 0.10328638497652583
7 0.44310344827586207 0.8849765258215962 0.03793103448275862 0.09859154929577464