2 0.6322033898305085 0.9054054054054054 0.04406779661016949 0.12837837837837837
8 0.06440677966101695 0.9155405405405406 0.04406779661016949 0.12837837837837837
3 0.8728813559322034 0.8986486486486487 0.04406779661016949 0.12837837837837837
9 0.4864406779661017 0.9087837837837838 0.04067796610169491 0.12837837837837837
8 0.3677966101694915 0.9121621621621622 0.04067796610169491 0.12162162162162163
6 0.3101694915254237 0.9121621621621622 0.04406779661016949 0.12837837837837837
0 0.4271186440677966 0.9087837837837838 0.04406779661016949 0.12162162162162163
0 0.18983050847457628 0.9121621621621622 0.04406779661016949 0.12162162162162163
7 0.25084745762711863 0.9121621621621622 0.04067796610169491 0.12837837837837837
5 0.6898305084745763 0.9054054054054054 0.04406779661016949 0.12837837837837837
6 0.8135593220338984 0.902027027027027 0.04745762711864407 0.12837837837837837
7 0.7508474576271187 0.902027027027027 0.04406779661016949 0.12837837837837837
5 0.5745762711864407 0.9087837837837838 0.04406779661016949 0.12837837837837837