8 0.44696969696969696 0.9240837696335078 0.045454545454545456 0.09947643979057591
2 0.5416666666666666 0.9240837696335078 0.045454545454545456 0.09947643979057591
4 0.06060606060606061 0.9214659685863874 0.04924242424242424 0.09947643979057591
2 0.6666666666666666 0.9293193717277487 0.045454545454545456 0.09947643979057591
0 0.13825757575757575 0.9214659685863874 0.045454545454545456 0.10471204188481675
0 0.38636363636363635 0.9240837696335078 0.045454545454545456 0.10471204188481675
0 0.19886363636363635 0.9214659685863874 0.04924242424242424 0.10471204188481675
0 0.6060606060606061 0.9267015706806283 0.045454545454545456 0.09947643979057591
5 0.7897727272727273 0.9319371727748691 0.045454545454545456 0.09947643979057591
3 0.7272727272727273 0.9293193717277487 0.045454545454545456 0.09947643979057591
6 0.32575757575757575 0.9240837696335078 0.04924242424242424 0.09947643979057591
1 0.26136363636363635 0.9240837696335078 0.041666666666666664 0.09947643979057591
9 0.8503787878787878 0.9319371727748691 0.045454545454545456 0.10471204188481675