8 0.11176470588235295 0.7103559870550162 0.13529411764705881 0.05177993527508091
1 0.10588235294117647 0.8300970873786407 0.1411764705882353 0.045307443365695796
3 0.11176470588235295 0.6504854368932039 0.1411764705882353 0.061488673139158574
1 0.11176470588235295 0.5938511326860841 0.1411764705882353 0.04854368932038835
3 0.10882352941176471 0.883495145631068 0.13529411764705881 0.05825242718446602
1 0.11470588235294117 0.49029126213592233 0.1411764705882353 0.04854368932038835
3 0.11764705882352941 0.4223300970873786 0.1411764705882353 0.06472491909385113
0 0.11982352941176472 0.766925566343042 0.15405882352941178 0.059255663430420706
7 0.1194705882352941 0.3566990291262136 0.147 0.059870550161812294
1 0.12688235294117647 0.296084142394822 0.15558823529411764 0.03870550161812298
8 0.11905882352941176 0.22446601941747574 0.13994117647058824 0.061100323624595464
1 0.11476470588235295 0.15737864077669902 0.15641176470588236 0.04420711974110032
3 0.1308235294117647 0.027184466019417475 0.16347058823529412 0.05436893203883495