5 0.35294117647058826 0.18235294117647058 0.058823529411764705 0.18823529411764706
0 0.7970588235294118 0.20588235294117646 0.058823529411764705 0.18823529411764706
2 0.28823529411764703 0.17647058823529413 0.058823529411764705 0.18823529411764706
0 0.8647058823529412 0.20588235294117646 0.058823529411764705 0.2
7 0.42058823529411765 0.18235294117647058 0.06470588235294118 0.18823529411764706
4 0.961764705882353 0.21176470588235294 0.058823529411764705 0.18823529411764706
3 0.22058823529411764 0.17058823529411765 0.06470588235294118 0.18823529411764706
7 0.09411764705882353 0.1588235294117647 0.058823529411764705 0.18823529411764706
1 0.5352941176470588 0.18823529411764706 0.047058823529411764 0.18823529411764706
1 0.1588235294117647 0.1588235294117647 0.052941176470588235 0.18823529411764706
7 0.7312352941176471 0.2031764705882353 0.06076470588235294 0.1804705882352941
1 0.6702941176470588 0.18729411764705883 0.04717647058823529 0.19458823529411765
1 0.6044705882352941 0.17788235294117646 0.052294117647058824 0.2043529411764706