8 0.7362459546925566 0.6978723404255319 0.05825242718446602 0.10638297872340426
2 0.7961165048543689 0.6808510638297872 0.061488673139158574 0.11063829787234042
3 0.44660194174757284 0.8 0.06472491909385113 0.1148936170212766
6 0.616504854368932 0.7404255319148936 0.05501618122977346 0.11063829787234042
2 0.9174757281553398 0.6361702127659574 0.061488673139158574 0.1148936170212766
0 0.20711974110032363 0.8872340425531915 0.061488673139158574 0.10638297872340426
0 0.6747572815533981 0.7191489361702128 0.05825242718446602 0.10638297872340426
5 0.38349514563106796 0.823404255319149 0.06472491909385113 0.11063829787234042
8 0.11650485436893204 0.9212765957446809 0.061488673139158574 0.10212765957446808
0 0.26537216828478966 0.8638297872340426 0.061488673139158574 0.10638297872340426
4 0.3284789644012945 0.8404255319148937 0.05825242718446602 0.10212765957446808
7 0.5016181229773463 0.7787234042553192 0.05501618122977346 0.1148936170212766
1 0.8640776699029126 0.6531914893617021 0.05825242718446602 0.10638297872340426