2 0.4694533762057878 0.8855721393034826 0.05466237942122187 0.13432835820895522
8 0.27813504823151125 0.8880597014925373 0.05466237942122187 0.12935323383084577
8 0.572347266881029 0.8781094527363185 0.05787781350482315 0.12935323383084577
0 0.40514469453376206 0.8830845771144279 0.06109324758842444 0.12935323383084577
0 0.15434083601286175 0.8905472636815921 0.05466237942122187 0.12935323383084577
0 0.21543408360128619 0.8880597014925373 0.05466237942122187 0.12935323383084577
4 0.3408360128617363 0.8855721393034826 0.05466237942122187 0.12935323383084577
9 0.8247588424437299 0.8756218905472637 0.05787781350482315 0.12935323383084577
7 0.887459807073955 0.8706467661691543 0.05787781350482315 0.13930348258706468
4 0.04983922829581994 0.8980099502487562 0.05466237942122187 0.12935323383084577
6 0.635048231511254 0.8781094527363185 0.05466237942122187 0.13432835820895522
3 0.6977491961414791 0.8731343283582089 0.05787781350482315 0.13930348258706468
3 0.7604501607717041 0.8731343283582089 0.05787781350482315 0.13930348258706468