0 0.8425324675324676 0.9391891891891891 0.048701298701298704 0.05945945945945946
0 0.19155844155844157 0.9432432432432433 0.048701298701298704 0.05945945945945946
0 0.2483766233766234 0.9432432432432433 0.045454545454545456 0.05945945945945946
2 0.6217532467532467 0.9405405405405406 0.045454545454545456 0.062162162162162166
8 0.3051948051948052 0.9432432432432433 0.045454545454545456 0.05675675675675676
0 0.4724025974025974 0.9405405405405406 0.045454545454545456 0.05945945945945946
2 0.7873376623376623 0.9391891891891891 0.045454545454545456 0.05945945945945946
0 0.4172077922077922 0.9405405405405406 0.048701298701298704 0.05945945945945946
4 0.36038961038961037 0.9432432432432433 0.04220779220779221 0.05675675675675676
1 0.6818181818181818 0.9405405405405406 0.03896103896103896 0.05675675675675676
6 0.7337662337662337 0.9405405405405406 0.048701298701298704 0.05945945945945946
4 0.07792207792207792 0.9472972972972973 0.048701298701298704 0.05675675675675676
7 0.5681818181818182 0.9391891891891891 0.045454545454545456 0.05675675675675676