2 0.7379182156133829 0.876984126984127 0.04460966542750929 0.14285714285714285
8 0.23605947955390336 0.8809523809523809 0.048327137546468404 0.1349206349206349
8 0.40892193308550184 0.8888888888888888 0.04460966542750929 0.1349206349206349
6 0.34944237918215615 0.8888888888888888 0.048327137546468404 0.14285714285714285
2 0.6821561338289963 0.8809523809523809 0.048327137546468404 0.14285714285714285
0 0.18029739776951673 0.873015873015873 0.04460966542750929 0.1349206349206349
1 0.6282527881040892 0.8849206349206349 0.03717472118959108 0.1349206349206349
9 0.79182156133829 0.873015873015873 0.04460966542750929 0.1349206349206349
0 0.46654275092936803 0.8849206349206349 0.048327137546468404 0.1349206349206349
3 0.09479553903345725 0.8611111111111112 0.04460966542750929 0.14285714285714285
0 0.5687732342007435 0.8849206349206349 0.05204460966542751 0.14285714285714285
3 0.2936802973977695 0.8809523809523809 0.048327137546468404 0.14285714285714285
4 0.8420074349442379 0.8650793650793651 0.040892193308550186 0.1349206349206349