2 0.5915492957746479 0.8291139240506329 0.051643192488262914 0.21518987341772153
0 0.2347417840375587 0.8164556962025317 0.051643192488262914 0.20253164556962025
0 0.17136150234741784 0.8164556962025317 0.051643192488262914 0.20253164556962025
3 0.7769953051643192 0.8291139240506329 0.051643192488262914 0.21518987341772153
0 0.8380281690140845 0.8291139240506329 0.051643192488262914 0.21518987341772153
5 0.2981220657276995 0.8227848101265823 0.051643192488262914 0.21518987341772153
5 0.4225352112676056 0.8227848101265823 0.051643192488262914 0.20253164556962025
5 0.3615023474178404 0.8291139240506329 0.046948356807511735 0.21518987341772153
4 0.06807511737089202 0.810126582278481 0.051643192488262914 0.22784810126582278
6 0.4859154929577465 0.8227848101265823 0.051643192488262914 0.20253164556962025
7 0.6549295774647887 0.8291139240506329 0.051643192488262914 0.21518987341772153
6 0.8967136150234741 0.8291139240506329 0.051643192488262914 0.21518987341772153
1 0.7230046948356808 0.8291139240506329 0.046948356807511735 0.20253164556962025