2 0.8 0.9005102040816326 0.05 0.11734693877551021
2 0.859375 0.8979591836734694 0.05 0.11734693877551021
0 0.2296875 0.9056122448979592 0.05 0.11734693877551021
0 0.1703125 0.9056122448979592 0.05 0.11224489795918367
0 0.5671875 0.9005102040816326 0.05 0.11734693877551021
4 0.0734375 0.9107142857142857 0.05 0.11734693877551021
4 0.4078125 0.9056122448979592 0.05 0.11224489795918367
0 0.2890625 0.9030612244897959 0.05 0.11734693877551021
5 0.7421875 0.8979591836734694 0.05 0.11224489795918367
0 0.625 0.9005102040816326 0.05 0.11224489795918367
4 0.684375 0.9030612244897959 0.05 0.11734693877551021
4 0.3484375 0.9056122448979592 0.046875 0.11224489795918367
5 0.465625 0.9030612244897959 0.05 0.11734693877551021