2 0.7424242424242424 0.86 0.05627705627705628 0.152
3 0.39826839826839827 0.86 0.05194805194805195 0.152
0 0.6190476190476191 0.856 0.05627705627705628 0.144
2 0.8614718614718615 0.856 0.05194805194805195 0.16
0 0.21645021645021645 0.86 0.05194805194805195 0.144
6 0.5562770562770563 0.86 0.05627705627705628 0.144
8 0.06277056277056277 0.86 0.05194805194805195 0.144
0 0.15584415584415584 0.86 0.05194805194805195 0.144
5 0.3354978354978355 0.86 0.05194805194805195 0.152
1 0.8051948051948052 0.856 0.04329004329004329 0.144
7 0.45670995670995673 0.86 0.05194805194805195 0.144
8 0.6796536796536796 0.86 0.05194805194805195 0.144
4 0.2748917748917749 0.86 0.05194805194805195 0.136