6 0.7402826855123675 0.8762886597938144 0.045936395759717315 0.1134020618556701
4 0.08303886925795052 0.8891752577319587 0.045936395759717315 0.10824742268041238
8 0.42226148409893993 0.8814432989690721 0.045936395759717315 0.1134020618556701
1 0.3127208480565371 0.8814432989690721 0.045936395759717315 0.1134020618556701
9 0.6289752650176679 0.8737113402061856 0.04946996466431095 0.1134020618556701
0 0.1978798586572438 0.8865979381443299 0.045936395759717315 0.11855670103092783
0 0.254416961130742 0.8865979381443299 0.04946996466431095 0.1134020618556701
2 0.5742049469964664 0.8814432989690721 0.04946996466431095 0.1134020618556701
3 0.4787985865724382 0.8814432989690721 0.04946996466431095 0.1134020618556701
4 0.6855123674911661 0.8737113402061856 0.045936395759717315 0.10824742268041238
6 0.7985865724381626 0.8737113402061856 0.04946996466431095 0.1134020618556701
7 0.8515901060070671 0.8737113402061856 0.04240282685512368 0.1134020618556701
8 0.3657243816254417 0.884020618556701 0.045936395759717315 0.1134020618556701