8 0.771255060728745 0.8857142857142857 0.05263157894736842 0.17142857142857143
3 0.5080971659919028 0.8809523809523809 0.048582995951417005 0.17142857142857143
2 0.7125506072874493 0.8809523809523809 0.048582995951417005 0.17142857142857143
3 0.4493927125506073 0.8809523809523809 0.05263157894736842 0.17142857142857143
0 0.21862348178137653 0.8761904761904762 0.05263157894736842 0.17142857142857143
0 0.2773279352226721 0.8761904761904762 0.05263157894736842 0.17142857142857143
6 0.6558704453441295 0.8857142857142857 0.05263157894736842 0.17142857142857143
4 0.12550607287449392 0.8761904761904762 0.048582995951417005 0.1619047619047619
0 0.8866396761133604 0.8857142857142857 0.05668016194331984 0.17142857142857143
1 0.3340080971659919 0.8809523809523809 0.044534412955465584 0.1619047619047619
1 0.39068825910931176 0.8761904761904762 0.044534412955465584 0.1619047619047619
1 0.8279352226720648 0.8857142857142857 0.044534412955465584 0.1619047619047619
9 0.597165991902834 0.8857142857142857 0.05263157894736842 0.17142857142857143