0 0.7644230769230769 0.15691489361702127 0.05448717948717949 0.13297872340425532
0 0.1762820512820513 0.14627659574468085 0.05128205128205128 0.13297872340425532
0 0.23717948717948717 0.14627659574468085 0.05128205128205128 0.13297872340425532
8 0.11538461538461539 0.14627659574468085 0.05128205128205128 0.13297872340425532
4 0.358974358974359 0.15159574468085107 0.05128205128205128 0.13297872340425532
4 0.9535256410256411 0.1595744680851064 0.05128205128205128 0.1276595744680851
0 0.8253205128205128 0.1595744680851064 0.05128205128205128 0.13297872340425532
5 0.5208333333333334 0.15159574468085107 0.05128205128205128 0.1276595744680851
9 0.6426282051282052 0.15691489361702127 0.05128205128205128 0.1276595744680851
6 0.5817307692307693 0.15691489361702127 0.05448717948717949 0.1276595744680851
7 0.7035256410256411 0.15691489361702127 0.05448717948717949 0.13297872340425532
6 0.296474358974359 0.14893617021276595 0.05128205128205128 0.1276595744680851
1 0.4150641025641026 0.14893617021276595 0.04807692307692308 0.1276595744680851