2 0.5830324909747292 0.8295454545454546 0.05054151624548736 0.25
0 0.17328519855595667 0.7897727272727273 0.05415162454873646 0.25
0 0.23465703971119134 0.7954545454545454 0.05415162454873646 0.25
0 0.8862815884476535 0.8465909090909091 0.05054151624548736 0.25
8 0.8249097472924187 0.8465909090909091 0.05054151624548736 0.25
1 0.6462093862815884 0.8352272727272727 0.04693140794223827 0.23863636363636365
1 0.7075812274368231 0.8352272727272727 0.04693140794223827 0.23863636363636365
6 0.47833935018050544 0.8181818181818182 0.05054151624548736 0.25
9 0.7635379061371841 0.8409090909090909 0.05054151624548736 0.25
5 0.41696750902527074 0.8125 0.05054151624548736 0.25
1 0.2996389891696751 0.8068181818181818 0.04693140794223827 0.23863636363636365
9 0.3555956678700361 0.8068181818181818 0.05054151624548736 0.25
4 0.04592057761732852 0.7843181818181818 0.05097472924187725 0.24784090909090908