2 0.5811965811965812 0.8925233644859814 0.05555555555555555 0.18691588785046728
8 0.7585470085470085 0.8925233644859814 0.05555555555555555 0.17757009345794392
5 0.1794871794871795 0.8644859813084113 0.05128205128205128 0.18691588785046728
3 0.057692307692307696 0.8504672897196262 0.05555555555555555 0.18691588785046728
0 0.8739316239316239 0.883177570093458 0.05128205128205128 0.17757009345794392
3 0.6410256410256411 0.8925233644859814 0.05555555555555555 0.17757009345794392
0 0.47863247863247865 0.883177570093458 0.05555555555555555 0.17757009345794392
6 0.4188034188034188 0.883177570093458 0.05555555555555555 0.17757009345794392
6 0.358974358974359 0.8785046728971962 0.05555555555555555 0.17757009345794392
7 0.7008547008547008 0.8925233644859814 0.05555555555555555 0.17757009345794392
4 0.29914529914529914 0.8785046728971962 0.05128205128205128 0.17757009345794392
7 0.8162393162393162 0.8878504672897196 0.05555555555555555 0.18691588785046728
7 0.23931623931623933 0.8691588785046729 0.05555555555555555 0.17757009345794392