2 0.17664670658682635 0.7983193277310925 0.04790419161676647 0.14285714285714285
2 0.12574850299401197 0.7941176470588235 0.04790419161676647 0.14285714285714285
0 0.6077844311377245 0.8151260504201681 0.041916167664670656 0.13445378151260504
1 0.3323353293413174 0.8025210084033614 0.041916167664670656 0.13445378151260504
0 0.27844311377245506 0.8025210084033614 0.041916167664670656 0.13445378151260504
1 0.23053892215568864 0.8025210084033614 0.041916167664670656 0.13445378151260504
5 0.7335329341317365 0.8235294117647058 0.04790419161676647 0.14285714285714285
7 0.4311377245508982 0.8067226890756303 0.04790419161676647 0.14285714285714285
0 0.5479041916167665 0.8151260504201681 0.04790419161676647 0.13445378151260504
8 0.38023952095808383 0.8067226890756303 0.041916167664670656 0.13445378151260504
9 0.7964071856287425 0.8277310924369747 0.041916167664670656 0.13445378151260504
8 0.8592814371257484 0.8277310924369747 0.041916167664670656 0.13445378151260504
3 0.6736526946107785 0.819327731092437 0.04790419161676647 0.13445378151260504