8 0.6336633663366337 0.8168316831683168 0.04455445544554455 0.13861386138613863
2 0.7995049504950495 0.8118811881188119 0.04950495049504951 0.13861386138613863
3 0.43564356435643564 0.8217821782178217 0.04950495049504951 0.1485148514851485
2 0.4900990099009901 0.8217821782178217 0.04950495049504951 0.13861386138613863
0 0.745049504950495 0.8118811881188119 0.04950495049504951 0.13861386138613863
0 0.2623762376237624 0.8267326732673267 0.04950495049504951 0.13861386138613863
0 0.37623762376237624 0.8217821782178217 0.04455445544554455 0.13861386138613863
2 0.5742574257425742 0.8168316831683168 0.054455445544554455 0.13861386138613863
3 0.6881188118811881 0.8168316831683168 0.04950495049504951 0.13861386138613863
5 0.3217821782178218 0.8267326732673267 0.04455445544554455 0.13861386138613863
0 0.20544554455445543 0.8267326732673267 0.04950495049504951 0.1485148514851485
1 0.8514851485148515 0.8118811881188119 0.04455445544554455 0.13861386138613863
6 0.07698019801980198 0.8355445544554455 0.05108910891089109 0.15198019801980198