6 0.8774193548387097 0.38191881918819187 0.12903225806451613 0.055350553505535055
2 0.867741935483871 0.7140221402214022 0.12903225806451613 0.05166051660516605
4 0.8838709677419355 0.26383763837638374 0.12903225806451613 0.05166051660516605
4 0.867741935483871 0.6568265682656826 0.12903225806451613 0.055350553505535055
3 0.867741935483871 0.5387453874538746 0.13548387096774195 0.055350553505535055
0 0.8870967741935484 0.14206642066420663 0.13548387096774195 0.055350553505535055
0 0.864516129032258 0.7712177121771218 0.12903225806451613 0.05166051660516605
0 0.864516129032258 0.8302583025830258 0.12903225806451613 0.05166051660516605
0 0.8806451612903226 0.32287822878228783 0.12903225806451613 0.05166051660516605
4 0.8612903225806452 0.9446494464944649 0.12903225806451613 0.05166051660516605
5 0.8838709677419355 0.2011070110701107 0.12903225806451613 0.05166051660516605
9 0.8741935483870967 0.44095940959409596 0.12903225806451613 0.05166051660516605
7 0.867741935483871 0.5977859778597786 0.12903225806451613 0.05166051660516605