2 0.6145833333333334 0.9316770186335404 0.05 0.11180124223602485
2 0.6708333333333333 0.9347826086956522 0.05 0.11180124223602485
3 0.55625 0.9316770186335404 0.05416666666666667 0.11180124223602485
5 0.17916666666666667 0.9254658385093167 0.05 0.11801242236024845
7 0.2375 0.9254658385093167 0.05 0.11801242236024845
0 0.4625 0.9285714285714286 0.05 0.11180124223602485
6 0.35 0.9285714285714286 0.04583333333333333 0.11180124223602485
0 0.8375 0.9347826086956522 0.05 0.10559006211180125
5 0.725 0.9347826086956522 0.04583333333333333 0.10559006211180125
3 0.06458333333333334 0.9254658385093167 0.05416666666666667 0.11801242236024845
6 0.40625 0.9285714285714286 0.04583333333333333 0.11180124223602485
9 0.7791666666666667 0.937888198757764 0.05 0.10559006211180125
4 0.2916666666666667 0.9285714285714286 0.04583333333333333 0.11180124223602485