2 0.6655844155844156 0.9390243902439024 0.045454545454545456 0.1073170731707317
0 0.349025974025974 0.9292682926829269 0.045454545454545456 0.1073170731707317
8 0.5551948051948052 0.9365853658536586 0.045454545454545456 0.1024390243902439
0 0.23863636363636365 0.926829268292683 0.045454545454545456 0.1073170731707317
0 0.18344155844155843 0.9243902439024391 0.045454545454545456 0.1073170731707317
4 0.07305194805194805 0.9219512195121952 0.045454545454545456 0.1073170731707317
6 0.7775974025974026 0.9414634146341463 0.045454545454545456 0.1024390243902439
4 0.6103896103896104 0.9390243902439024 0.045454545454545456 0.1073170731707317
2 0.8327922077922078 0.9414634146341463 0.045454545454545456 0.1024390243902439
7 0.461038961038961 0.9341463414634147 0.045454545454545456 0.1073170731707317
6 0.4074675324675325 0.9341463414634147 0.048701298701298704 0.1073170731707317
9 0.7224025974025974 0.9390243902439024 0.045454545454545456 0.1073170731707317
6 0.29545454545454547 0.9292682926829269 0.045454545454545456 0.1073170731707317