0 0.1875 0.8333333333333334 0.0390625 0.24242424242424243
3 0.765625 0.8080808080808081 0.04296875 0.25252525252525254
2 0.703125 0.8131313131313131 0.04296875 0.25252525252525254
0 0.251953125 0.8282828282828283 0.04296875 0.24242424242424243
2 0.50390625 0.8232323232323232 0.04296875 0.25252525252525254
7 0.640625 0.8131313131313131 0.046875 0.25252525252525254
0 0.37890625 0.8232323232323232 0.04296875 0.24242424242424243
0 0.578125 0.8131313131313131 0.0390625 0.24242424242424243
2 0.443359375 0.8232323232323232 0.04296875 0.24242424242424243
7 0.314453125 0.8282828282828283 0.046875 0.25252525252525254
4 0.06640625 0.8383838383838383 0.04296875 0.25252525252525254
6 0.830078125 0.8131313131313131 0.0390625 0.23232323232323232
3 0.892578125 0.8080808080808081 0.0390625 0.24242424242424243