3 0.05204460966542751 0.9304635761589404 0.05947955390334572 0.13245033112582782
3 0.5799256505576208 0.9172185430463576 0.055762081784386616 0.1390728476821192
0 0.4795539033457249 0.9205298013245033 0.055762081784386616 0.1390728476821192
6 0.17843866171003717 0.9304635761589404 0.055762081784386616 0.1390728476821192
5 0.3587360594795539 0.9238410596026491 0.05204460966542751 0.1390728476821192
7 0.8234200743494424 0.9139072847682119 0.055762081784386616 0.1390728476821192
4 0.4200743494423792 0.9238410596026491 0.05204460966542751 0.1390728476821192
5 0.7026022304832714 0.9172185430463576 0.05204460966542751 0.1390728476821192
6 0.6431226765799256 0.9205298013245033 0.055762081784386616 0.1390728476821192
6 0.8810408921933085 0.9139072847682119 0.055762081784386616 0.13245033112582782
0 0.2992565055762082 0.9238410596026491 0.055762081784386616 0.13245033112582782
0 0.2379182156133829 0.9238410596026491 0.05204460966542751 0.1390728476821192
5 0.7620817843866171 0.9172185430463576 0.055762081784386616 0.1390728476821192