2 0.3003533568904594 0.9044811320754716 0.053003533568904596 0.08962264150943396
3 0.8604240282685512 0.9080188679245284 0.05653710247349823 0.10377358490566038
4 0.4169611307420495 0.9056603773584906 0.05123674911660778 0.08962264150943396
3 0.6863957597173145 0.9056603773584906 0.054770318021201414 0.09198113207547169
6 0.35954063604240283 0.9068396226415094 0.05653710247349823 0.08962264150943396
0 0.1793286219081272 0.9033018867924528 0.05830388692579505 0.08726415094339622
0 0.5697879858657244 0.9044811320754716 0.05653710247349823 0.08962264150943396
4 0.47614840989399293 0.9080188679245284 0.05123674911660778 0.08962264150943396
6 0.8021201413427562 0.9091981132075472 0.053003533568904596 0.09669811320754718
9 0.6280918727915195 0.9068396226415094 0.053003533568904596 0.09198113207547169
9 0.7455830388692579 0.9056603773584906 0.05653710247349823 0.09198113207547169
0 0.2411660777385159 0.9033018867924528 0.06007067137809187 0.08726415094339622
4 0.05296819787985866 0.9031839622641509 0.055335689045936394 0.08983490566037737