2 0.6365546218487395 0.8333333333333334 0.05042016806722689 0.1919191919191919
3 0.6974789915966386 0.8333333333333334 0.0546218487394958 0.20202020202020202
4 0.27310924369747897 0.8080808080808081 0.046218487394957986 0.18181818181818182
5 0.33403361344537813 0.8131313131313131 0.05042016806722689 0.1919191919191919
5 0.46008403361344535 0.8232323232323232 0.05042016806722689 0.1919191919191919
8 0.8256302521008403 0.8333333333333334 0.05042016806722689 0.18181818181818182
0 0.15546218487394958 0.7929292929292929 0.046218487394957986 0.1717171717171717
0 0.5735294117647058 0.8282828282828283 0.05042016806722689 0.18181818181818182
0 0.21218487394957983 0.797979797979798 0.046218487394957986 0.18181818181818182
4 0.06302521008403361 0.7727272727272727 0.04201680672268908 0.16161616161616163
4 0.39705882352941174 0.8232323232323232 0.05042016806722689 0.18181818181818182
7 0.7647058823529411 0.8282828282828283 0.046218487394957986 0.1919191919191919
9 0.884453781512605 0.8282828282828283 0.046218487394957986 0.1717171717171717