2 0.42775665399239543 0.91005291005291 0.060836501901140684 0.1111111111111111
4 0.49049429657794674 0.9047619047619048 0.053231939163498096 0.10052910052910052
6 0.3041825095057034 0.9074074074074074 0.057034220532319393 0.10052910052910052
3 0.8916349809885932 0.8994708994708994 0.053231939163498096 0.1111111111111111
0 0.7129277566539924 0.8994708994708994 0.057034220532319393 0.10582010582010581
0 0.1806083650190114 0.8968253968253969 0.053231939163498096 0.10052910052910052
0 0.2414448669201521 0.9021164021164021 0.057034220532319393 0.10582010582010581
6 0.591254752851711 0.9021164021164021 0.057034220532319393 0.10582010582010581
0 0.7718631178707225 0.8994708994708994 0.053231939163498096 0.10582010582010581
4 0.058935361216730035 0.8968253968253969 0.053231939163498096 0.09523809523809523
1 0.8365019011406845 0.8994708994708994 0.049429657794676805 0.10582010582010581
7 0.6520912547528517 0.9021164021164021 0.057034220532319393 0.1111111111111111
7 0.3688212927756654 0.9074074074074074 0.060836501901140684 0.10582010582010581