2 0.358695652173913 0.8526785714285714 0.05217391304347826 0.16071428571428573
8 0.7239130434782609 0.84375 0.05217391304347826 0.15178571428571427
4 0.05652173913043478 0.8482142857142857 0.05217391304347826 0.15178571428571427
3 0.41304347826086957 0.8482142857142857 0.04782608695652174 0.16071428571428573
0 0.6173913043478261 0.8482142857142857 0.05217391304347826 0.16071428571428573
0 0.2565217391304348 0.8482142857142857 0.04782608695652174 0.15178571428571427
1 0.6717391304347826 0.84375 0.043478260869565216 0.15178571428571427
8 0.8260869565217391 0.8392857142857143 0.05217391304347826 0.15178571428571427
0 0.2 0.8482142857142857 0.05217391304347826 0.16071428571428573
1 0.7739130434782608 0.8392857142857143 0.043478260869565216 0.15178571428571427
7 0.3065217391304348 0.8482142857142857 0.04782608695652174 0.16071428571428573
7 0.4673913043478261 0.8482142857142857 0.05217391304347826 0.16071428571428573
7 0.8782608695652174 0.8303571428571429 0.04782608695652174 0.16071428571428573