8 0.422008547008547 0.9180327868852459 0.05128205128205128 0.16393442622950818
8 0.04807692307692308 0.912568306010929 0.053418803418803416 0.16939890710382513
0 0.4829059829059829 0.9180327868852459 0.053418803418803416 0.16393442622950818
3 0.6399572649572649 0.9180327868852459 0.05555555555555555 0.16393442622950818
0 0.5790598290598291 0.9180327868852459 0.053418803418803416 0.16393442622950818
3 0.7617521367521367 0.9180327868852459 0.053418803418803416 0.16393442622950818
5 0.8247863247863247 0.9153005464480874 0.04700854700854701 0.16393442622950818
3 0.29914529914529914 0.9180327868852459 0.053418803418803416 0.16393442622950818
0 0.18055555555555555 0.9180327868852459 0.05128205128205128 0.16393442622950818
0 0.7019230769230769 0.9180327868852459 0.053418803418803416 0.16393442622950818
0 0.23931623931623933 0.9180327868852459 0.053418803418803416 0.16393442622950818
9 0.36004273504273504 0.9180327868852459 0.05128205128205128 0.16393442622950818
9 0.8824786324786325 0.912568306010929 0.04700854700854701 0.16393442622950818