8 0.3477272727272727 0.8390804597701149 0.045454545454545456 0.1839080459770115
4 0.2840909090909091 0.8333333333333334 0.045454545454545456 0.1839080459770115
4 0.056818181818181816 0.8275862068965517 0.045454545454545456 0.1839080459770115
0 0.1590909090909091 0.8275862068965517 0.05 0.1839080459770115
0 0.22272727272727272 0.8333333333333334 0.05 0.1839080459770115
5 0.7022727272727273 0.8620689655172413 0.045454545454545456 0.1839080459770115
0 0.6409090909090909 0.8563218390804598 0.05 0.1839080459770115
0 0.7659090909090909 0.8620689655172413 0.05 0.1839080459770115
0 0.825 0.867816091954023 0.05 0.1839080459770115
4 0.4113636363636364 0.8448275862068966 0.045454545454545456 0.1839080459770115
7 0.8863636363636364 0.867816091954023 0.045454545454545456 0.1839080459770115
1 0.47045454545454546 0.8448275862068966 0.04090909090909091 0.1839080459770115
7 0.5795454545454546 0.8505747126436781 0.05 0.19540229885057472