2 0.9136904761904762 0.43359375 0.1130952380952381 0.05859375
2 0.9136904761904762 0.369140625 0.1130952380952381 0.05859375
1 0.9107142857142857 0.6015625 0.10714285714285714 0.046875
2 0.9136904761904762 0.3046875 0.11904761904761904 0.05859375
2 0.9166666666666666 0.240234375 0.11904761904761904 0.05859375
6 0.9077380952380952 0.724609375 0.10714285714285714 0.0546875
2 0.9166666666666666 0.173828125 0.11904761904761904 0.05859375
0 0.9077380952380952 0.845703125 0.10714285714285714 0.05078125
0 0.9107142857142857 0.541015625 0.1130952380952381 0.05859375
0 0.9077380952380952 0.787109375 0.1130952380952381 0.0546875
4 0.9047619047619048 0.939453125 0.10714285714285714 0.0546875
0 0.9077380952380952 0.666015625 0.1130952380952381 0.0546875
3 0.9166666666666666 0.107421875 0.11904761904761904 0.05859375