2 0.680921052631579 0.8153846153846154 0.05263157894736842 0.2076923076923077
0 0.1924342105263158 0.8307692307692308 0.05263157894736842 0.2153846153846154
0 0.7417763157894737 0.8115384615384615 0.05592105263157895 0.2153846153846154
0 0.2532894736842105 0.8307692307692308 0.05592105263157895 0.2153846153846154
2 0.8009868421052632 0.8115384615384615 0.049342105263157895 0.2076923076923077
4 0.618421052631579 0.8192307692307692 0.05592105263157895 0.2
9 0.4440789473684211 0.8307692307692308 0.05921052631578947 0.2153846153846154
1 0.5115131578947368 0.8307692307692308 0.049342105263157895 0.2076923076923077
1 0.8618421052631579 0.8076923076923077 0.046052631578947366 0.2
4 0.07730263157894737 0.8307692307692308 0.049342105263157895 0.2076923076923077
4 0.3782894736842105 0.8307692307692308 0.049342105263157895 0.2076923076923077
8 0.3157894736842105 0.8307692307692308 0.05263157894736842 0.2153846153846154
1 0.9144736842105263 0.8038461538461539 0.03618421052631579 0.2