2 0.8705673758865248 0.8715277777777778 0.04609929078014184 0.1527777777777778
0 0.18262411347517732 0.9027777777777778 0.04964539007092199 0.1527777777777778
9 0.42021276595744683 0.8958333333333334 0.04964539007092199 0.14583333333333334
0 0.24113475177304963 0.8993055555555556 0.04964539007092199 0.1527777777777778
0 0.30141843971631205 0.8958333333333334 0.04964539007092199 0.1597222222222222
6 0.4787234042553192 0.8958333333333334 0.04609929078014184 0.14583333333333334
0 0.5797872340425532 0.8854166666666666 0.04964539007092199 0.1527777777777778
1 0.6400709219858156 0.8854166666666666 0.03900709219858156 0.1527777777777778
1 0.8156028368794326 0.8715277777777778 0.03900709219858156 0.14583333333333334
5 0.6950354609929078 0.8819444444444444 0.04609929078014184 0.1527777777777778
4 0.06028368794326241 0.9097222222222222 0.04964539007092199 0.1527777777777778
1 0.7553191489361702 0.8784722222222222 0.03900709219858156 0.14583333333333334
1 0.36347517730496454 0.8923611111111112 0.0425531914893617 0.1597222222222222