8 0.047524752475247525 0.8309859154929577 0.04950495049504951 0.16901408450704225
5 0.8306930693069307 0.823943661971831 0.04356435643564356 0.1596244131455399
8 0.4277227722772277 0.8286384976525821 0.04554455445544554 0.1643192488262911
0 0.5861386138613861 0.8262910798122066 0.047524752475247525 0.1643192488262911
3 0.30495049504950494 0.8286384976525821 0.04950495049504951 0.1643192488262911
9 0.36633663366336633 0.8286384976525821 0.047524752475247525 0.16901408450704225
0 0.18316831683168316 0.8286384976525821 0.047524752475247525 0.1643192488262911
3 0.6475247524752475 0.8286384976525821 0.047524752475247525 0.1643192488262911
0 0.7089108910891089 0.8262910798122066 0.04950495049504951 0.1643192488262911
0 0.24554455445544554 0.8286384976525821 0.04950495049504951 0.1643192488262911
3 0.7693069306930693 0.8286384976525821 0.047524752475247525 0.1643192488262911
0 0.4891089108910891 0.823943661971831 0.04554455445544554 0.1643192488262911
9 0.8881188118811881 0.823943661971831 0.04554455445544554 0.1596244131455399