4 0.33984375 0.9161849710982659 0.046875 0.11560693641618497
8 0.6875 0.9075144508670521 0.05078125 0.11560693641618497
2 0.87109375 0.9046242774566474 0.046875 0.12138728323699421
8 0.810546875 0.9046242774566474 0.05078125 0.12138728323699421
6 0.162109375 0.9219653179190751 0.05078125 0.11560693641618497
0 0.400390625 0.9132947976878613 0.05078125 0.11560693641618497
0 0.4609375 0.9104046242774566 0.05078125 0.12138728323699421
0 0.279296875 0.9161849710982659 0.05078125 0.11560693641618497
6 0.626953125 0.9104046242774566 0.05078125 0.11560693641618497
0 0.564453125 0.9075144508670521 0.05078125 0.11560693641618497
4 0.748046875 0.9046242774566474 0.046875 0.11560693641618497
1 0.22265625 0.9190751445086706 0.04296875 0.11560693641618497
7 0.04296875 0.9248554913294798 0.05078125 0.11560693641618497