8 0.4192825112107623 0.8644859813084113 0.053811659192825115 0.18691588785046728
7 0.48654708520179374 0.8644859813084113 0.04932735426008968 0.18691588785046728
0 0.2219730941704036 0.8691588785046729 0.05829596412556054 0.18691588785046728
0 0.1547085201793722 0.8691588785046729 0.053811659192825115 0.18691588785046728
4 0.04932735426008968 0.8644859813084113 0.053811659192825115 0.18691588785046728
0 0.5829596412556054 0.8598130841121495 0.053811659192825115 0.18691588785046728
0 0.7802690582959642 0.8551401869158879 0.05829596412556054 0.18691588785046728
0 0.647982062780269 0.8598130841121495 0.053811659192825115 0.18691588785046728
1 0.8430493273542601 0.8551401869158879 0.04932735426008968 0.17757009345794392
1 0.7107623318385651 0.8598130841121495 0.04932735426008968 0.17757009345794392
7 0.9103139013452914 0.8504672897196262 0.053811659192825115 0.19626168224299065
3 0.289237668161435 0.8691588785046729 0.05829596412556054 0.18691588785046728
3 0.3542600896860987 0.8644859813084113 0.05829596412556054 0.18691588785046728