8 0.3489795918367347 0.8962536023054755 0.04693877551020408 0.11239193083573487
8 0.7663265306122449 0.8962536023054755 0.053061224489795916 0.11239193083573487
2 0.8887755102040816 0.8904899135446686 0.053061224489795916 0.10951008645533142
8 0.05612244897959184 0.9063400576368876 0.04897959183673469 0.10951008645533142
5 0.5775510204081633 0.8933717579250721 0.05102040816326531 0.10951008645533142
0 0.17142857142857143 0.9034582132564841 0.04897959183673469 0.11239193083573487
0 0.7030612244897959 0.8948126801152738 0.053061224489795916 0.11239193083573487
0 0.4744897959183674 0.8890489913544669 0.05102040816326531 0.10951008645533142
0 0.639795918367347 0.8933717579250721 0.053061224489795916 0.10951008645533142
1 0.4193877551020408 0.8933717579250721 0.03877551020408163 0.10951008645533142
6 0.2897959183673469 0.9005763688760807 0.05102040816326531 0.11527377521613832
7 0.8285714285714286 0.8933717579250721 0.05510204081632653 0.11527377521613832
7 0.22857142857142856 0.9034582132564841 0.04897959183673469 0.11527377521613832