8 0.3 0.910377358490566 0.048484848484848485 0.1179245283018868
4 0.8787878787878788 0.9198113207547169 0.048484848484848485 0.1179245283018868
8 0.6393939393939394 0.9150943396226415 0.048484848484848485 0.1179245283018868
0 0.2409090909090909 0.9080188679245284 0.051515151515151514 0.1179245283018868
0 0.18181818181818182 0.9056603773584906 0.048484848484848485 0.1179245283018868
0 0.759090909090909 0.9150943396226415 0.051515151515151514 0.1179245283018868
1 0.8227272727272728 0.9198113207547169 0.045454545454545456 0.11320754716981132
4 0.06212121212121212 0.9080188679245284 0.048484848484848485 0.1179245283018868
1 0.703030303030303 0.9174528301886793 0.04242424242424243 0.11320754716981132
1 0.42272727272727273 0.9127358490566038 0.045454545454545456 0.1179245283018868
6 0.5818181818181818 0.9150943396226415 0.048484848484848485 0.1179245283018868
7 0.47878787878787876 0.910377358490566 0.051515151515151514 0.1179245283018868
6 0.3621212121212121 0.9127358490566038 0.051515151515151514 0.1179245283018868