2 0.42424242424242425 0.890625 0.06060606060606061 0.11875
0 0.5865800865800865 0.884375 0.06060606060606061 0.11875
5 0.36363636363636365 0.89375 0.05627705627705628 0.11875
4 0.7077922077922078 0.88125 0.05194805194805195 0.1125
0 0.24025974025974026 0.89375 0.06060606060606061 0.11875
0 0.6493506493506493 0.884375 0.06060606060606061 0.11875
9 0.8874458874458875 0.878125 0.05194805194805195 0.1125
6 0.30303030303030304 0.896875 0.06060606060606061 0.11875
0 0.17965367965367965 0.896875 0.05627705627705628 0.11875
0 0.829004329004329 0.88125 0.05627705627705628 0.11875
5 0.7683982683982684 0.88125 0.05627705627705628 0.125
1 0.487012987012987 0.8875 0.05194805194805195 0.1125
4 0.05411255411255411 0.9 0.06060606060606061 0.11875