8 0.22962962962962963 0.92578125 0.05185185185185185 0.140625
3 0.4148148148148148 0.91015625 0.05185185185185185 0.1484375
3 0.06111111111111111 0.9296875 0.05555555555555555 0.140625
4 0.6074074074074074 0.90625 0.04814814814814815 0.140625
0 0.7851851851851852 0.8984375 0.04814814814814815 0.140625
0 0.6648148148148149 0.90234375 0.04814814814814815 0.140625
0 0.725925925925926 0.90234375 0.04814814814814815 0.140625
1 0.17222222222222222 0.92578125 0.037037037037037035 0.1328125
7 0.35185185185185186 0.91796875 0.05555555555555555 0.1484375
1 0.5592592592592592 0.91015625 0.037037037037037035 0.140625
1 0.29259259259259257 0.921875 0.040740740740740744 0.140625
1 0.4759259259259259 0.9140625 0.03333333333333333 0.140625
9 0.8444444444444444 0.8984375 0.04814814814814815 0.140625