8 0.8774193548387097 0.6593959731543624 0.14838709677419354 0.06040268456375839
8 0.8806451612903226 0.5335570469798657 0.14838709677419354 0.06040268456375839
8 0.8838709677419355 0.4278523489932886 0.15483870967741936 0.06711409395973154
5 0.8903225806451613 0.22818791946308725 0.15483870967741936 0.06375838926174497
0 0.8806451612903226 0.5973154362416108 0.15483870967741936 0.06375838926174497
9 0.8935483870967742 0.09395973154362416 0.14838709677419354 0.07046979865771812
5 0.8741935483870967 0.7181208053691275 0.14838709677419354 0.05704697986577181
0 0.8705161290322581 0.7789261744966444 0.15483870967741936 0.05704697986577181
1 0.8870967741935484 0.3640939597315436 0.14838709677419354 0.05704697986577181
1 0.8935483870967742 0.1593959731543624 0.15483870967741936 0.06040268456375839
0 0.8774193548387097 0.837248322147651 0.14838709677419354 0.05704697986577181
4 0.8625806451612903 0.9559060402684564 0.13851612903225805 0.05704697986577181
1 0.8900645161290323 0.29379194630872485 0.15703225806451612 0.057583892617449665