2 0.6881188118811881 0.8333333333333334 0.04950495049504951 0.15555555555555556
2 0.8886138613861386 0.837037037037037 0.04950495049504951 0.15555555555555556
2 0.1707920792079208 0.825925925925926 0.04950495049504951 0.14814814814814814
0 0.8217821782178217 0.8333333333333334 0.04950495049504951 0.14814814814814814
2 0.11633663366336634 0.8222222222222222 0.04455445544554455 0.14814814814814814
0 0.6212871287128713 0.8296296296296296 0.04950495049504951 0.14814814814814814
0 0.32673267326732675 0.825925925925926 0.04455445544554455 0.14814814814814814
1 0.3811881188118812 0.825925925925926 0.039603960396039604 0.14074074074074075
2 0.754950495049505 0.8333333333333334 0.04950495049504951 0.15555555555555556
1 0.22524752475247525 0.825925925925926 0.039603960396039604 0.14074074074074075
0 0.43316831683168316 0.825925925925926 0.04455445544554455 0.14814814814814814
0 0.556930693069307 0.8296296296296296 0.04455445544554455 0.14814814814814814
6 0.2747524752475248 0.825925925925926 0.04455445544554455 0.14814814814814814