3 0.6175438596491228 0.8994413407821229 0.05263157894736842 0.12290502793296089
4 0.7894736842105263 0.9022346368715084 0.04912280701754386 0.11731843575418995
4 0.3350877192982456 0.9022346368715084 0.04912280701754386 0.11731843575418995
4 0.02982456140350877 0.9050279329608939 0.04912280701754386 0.12290502793296089
0 0.2754385964912281 0.8994413407821229 0.04912280701754386 0.11731843575418995
0 0.21578947368421053 0.8994413407821229 0.04912280701754386 0.11731843575418995
0 0.1543859649122807 0.8994413407821229 0.04912280701754386 0.11731843575418995
0 0.5561403508771929 0.8994413407821229 0.04912280701754386 0.11731843575418995
0 0.39473684210526316 0.8994413407821229 0.04912280701754386 0.11731843575418995
5 0.7315789473684211 0.9022346368715084 0.04912280701754386 0.11731843575418995
0 0.4543859649122807 0.8994413407821229 0.04912280701754386 0.11731843575418995
7 0.6754385964912281 0.8994413407821229 0.04912280701754386 0.12290502793296089
1 0.8508771929824561 0.9050279329608939 0.03859649122807018 0.11731843575418995