6 0.6928838951310862 0.8976377952755905 0.056179775280898875 0.1732283464566929
3 0.7546816479400749 0.889763779527559 0.052434456928838954 0.1732283464566929
0 0.5636704119850188 0.8976377952755905 0.056179775280898875 0.1732283464566929
0 0.6273408239700374 0.8976377952755905 0.056179775280898875 0.1732283464566929
0 0.8164794007490637 0.8858267716535433 0.052434456928838954 0.16535433070866143
0 0.16292134831460675 0.8740157480314961 0.0449438202247191 0.1732283464566929
0 0.3895131086142322 0.8937007874015748 0.052434456928838954 0.1732283464566929
4 0.8745318352059925 0.8858267716535433 0.0449438202247191 0.16535433070866143
0 0.2153558052434457 0.8779527559055118 0.04868913857677903 0.1732283464566929
0 0.45318352059925093 0.8937007874015748 0.052434456928838954 0.1732283464566929
8 0.06741573033707865 0.8622047244094488 0.03745318352059925 0.1732283464566929
5 0.27340823970037453 0.8858267716535433 0.04868913857677903 0.16535433070866143
2 0.3306367041198502 0.8933070866141732 0.05400749063670412 0.17165354330708663