8 0.5089285714285714 0.7876106194690266 0.04285714285714286 0.19469026548672566
2 0.6107142857142858 0.7920353982300885 0.05 0.20353982300884957
0 0.20892857142857144 0.7654867256637168 0.05357142857142857 0.21238938053097345
0 0.33035714285714285 0.7699115044247787 0.05 0.21238938053097345
1 0.45 0.7831858407079646 0.04642857142857143 0.19469026548672566
0 0.6714285714285714 0.7920353982300885 0.05 0.20353982300884957
3 0.3892857142857143 0.7743362831858407 0.04285714285714286 0.20353982300884957
0 0.26964285714285713 0.7654867256637168 0.05 0.20353982300884957
2 0.9017857142857143 0.8008849557522124 0.04642857142857143 0.20353982300884957
6 0.7875 0.792566371681416 0.04642857142857143 0.20256637168141595
0 0.7303571428571428 0.7920353982300885 0.04642857142857143 0.20353982300884957
8 0.8464285714285714 0.8008849557522124 0.04285714285714286 0.20353982300884957
8 0.0625 0.7522123893805309 0.04285714285714286 0.22123893805309736