8 0.45977011494252873 0.8694444444444445 0.04980842911877394 0.10555555555555556
0 0.1685823754789272 0.8666666666666667 0.04980842911877394 0.10555555555555556
0 0.5593869731800766 0.8694444444444445 0.04980842911877394 0.10555555555555556
0 0.8467432950191571 0.8722222222222222 0.04980842911877394 0.10555555555555556
0 0.6168582375478927 0.8694444444444445 0.04980842911877394 0.10555555555555556
5 0.789272030651341 0.8722222222222222 0.04597701149425287 0.10555555555555556
0 0.22796934865900384 0.8666666666666667 0.04980842911877394 0.10555555555555556
1 0.4061302681992337 0.8694444444444445 0.04597701149425287 0.10555555555555556
4 0.04980842911877394 0.8694444444444445 0.04597701149425287 0.10555555555555556
6 0.6743295019157088 0.8722222222222222 0.04597701149425287 0.10555555555555556
1 0.28735632183908044 0.8722222222222222 0.04597701149425287 0.10555555555555556
5 0.3448275862068966 0.8694444444444445 0.04597701149425287 0.10555555555555556
4 0.7318007662835249 0.8722222222222222 0.04597701149425287 0.10555555555555556