2 0.5528301886792453 0.8611111111111112 0.052830188679245285 0.19444444444444445
8 0.6679245283018868 0.8564814814814815 0.04905660377358491 0.18518518518518517
0 0.17358490566037735 0.8657407407407407 0.04905660377358491 0.18518518518518517
8 0.3452830188679245 0.8611111111111112 0.04905660377358491 0.18518518518518517
0 0.7849056603773585 0.8518518518518519 0.052830188679245285 0.18518518518518517
0 0.23018867924528302 0.8611111111111112 0.04905660377358491 0.18518518518518517
9 0.46037735849056605 0.8611111111111112 0.04905660377358491 0.18518518518518517
1 0.6132075471698113 0.8564814814814815 0.045283018867924525 0.18518518518518517
3 0.7264150943396226 0.8518518518518519 0.052830188679245285 0.19444444444444445
1 0.8452830188679246 0.8564814814814815 0.045283018867924525 0.18518518518518517
4 0.28867924528301886 0.8611111111111112 0.04905660377358491 0.18518518518518517
4 0.4018867924528302 0.8611111111111112 0.04905660377358491 0.18518518518518517
4 0.06415094339622641 0.8657407407407407 0.04905660377358491 0.19444444444444445