8 0.37347560975609756 0.9044943820224719 0.042682926829268296 0.12359550561797752
2 0.6539634146341463 0.9073033707865169 0.04573170731707317 0.1348314606741573
8 0.054878048780487805 0.9044943820224719 0.042682926829268296 0.12921348314606743
9 0.5 0.9044943820224719 0.04573170731707317 0.12921348314606743
0 0.43597560975609756 0.901685393258427 0.04573170731707317 0.12359550561797752
0 0.18597560975609756 0.9044943820224719 0.04573170731707317 0.12921348314606743
3 0.9100609756097561 0.9044943820224719 0.04573170731707317 0.12921348314606743
6 0.8475609756097561 0.9044943820224719 0.04573170731707317 0.12921348314606743
6 0.3125 0.9044943820224719 0.04573170731707317 0.12921348314606743
7 0.7804878048780488 0.9044943820224719 0.04878048780487805 0.1348314606741573
7 0.25 0.9044943820224719 0.04878048780487805 0.1348314606741573
5 0.7164634146341463 0.9044943820224719 0.04573170731707317 0.12921348314606743
5 0.5945121951219512 0.9044943820224719 0.042682926829268296 0.12921348314606743