2 0.4885057471264368 0.83203125 0.04980842911877394 0.1796875
8 0.6513409961685823 0.83203125 0.04980842911877394 0.171875
0 0.1839080459770115 0.82421875 0.04980842911877394 0.171875
8 0.36590038314176243 0.828125 0.04980842911877394 0.171875
2 0.05938697318007663 0.82421875 0.04980842911877394 0.1796875
0 0.24521072796934865 0.82421875 0.04980842911877394 0.171875
0 0.7145593869731801 0.8359375 0.04980842911877394 0.171875
0 0.8371647509578544 0.83984375 0.05363984674329502 0.1796875
3 0.5900383141762452 0.83203125 0.04980842911877394 0.1796875
0 0.7758620689655172 0.8359375 0.04980842911877394 0.171875
9 0.42911877394636017 0.828125 0.04980842911877394 0.171875
3 0.3045977011494253 0.828125 0.04597701149425287 0.171875
5 0.8984674329501916 0.83984375 0.04597701149425287 0.1796875