2 0.28794642857142855 0.8904761904761904 0.05357142857142857 0.17142857142857143
2 0.6316964285714286 0.8952380952380953 0.049107142857142856 0.17142857142857143
4 0.3482142857142857 0.8857142857142857 0.049107142857142856 0.17142857142857143
0 0.46875 0.8904761904761904 0.049107142857142856 0.17142857142857143
0 0.40848214285714285 0.8904761904761904 0.049107142857142856 0.17142857142857143
0 0.16964285714285715 0.8809523809523809 0.049107142857142856 0.17142857142857143
3 0.8727678571428571 0.8904761904761904 0.05357142857142857 0.17142857142857143
4 0.049107142857142856 0.8761904761904762 0.05357142857142857 0.17142857142857143
5 0.5714285714285714 0.8904761904761904 0.049107142857142856 0.17142857142857143
1 0.23214285714285715 0.8857142857142857 0.044642857142857144 0.1619047619047619
5 0.6919642857142857 0.8904761904761904 0.05357142857142857 0.17142857142857143
3 0.8125 0.8904761904761904 0.05357142857142857 0.17142857142857143
1 0.7566964285714286 0.8952380952380953 0.044642857142857144 0.1619047619047619