8 0.05459057071960298 0.9191176470588235 0.04962779156327544 0.11764705882352941
8 0.7518610421836228 0.90625 0.04714640198511166 0.11397058823529412
2 0.8684863523573201 0.8970588235294118 0.04714640198511166 0.10661764705882353
8 0.34615384615384615 0.9154411764705882 0.04714640198511166 0.1213235294117647
0 0.16997518610421836 0.9154411764705882 0.04962779156327544 0.11764705882352941
0 0.6910669975186104 0.9044117647058824 0.052109181141439205 0.11397058823529412
0 0.6290322580645161 0.9044117647058824 0.052109181141439205 0.11397058823529412
5 0.5669975186104218 0.9080882352941176 0.052109181141439205 0.125
6 0.2890818858560794 0.9191176470588235 0.05459057071960298 0.11764705882352941
7 0.22704714640198512 0.9172794117647058 0.04962779156327544 0.1213235294117647
0 0.46774193548387094 0.90625 0.04714640198511166 0.1213235294117647
1 0.4119106699751861 0.9099264705882353 0.03722084367245657 0.11397058823529412
7 0.8114143920595533 0.9007352941176471 0.04962779156327544 0.11397058823529412