3 0.5581395348837209 0.7920353982300885 0.05426356589147287 0.19469026548672566
3 0.38372093023255816 0.7876106194690266 0.05426356589147287 0.19469026548672566
0 0.6821705426356589 0.7920353982300885 0.05426356589147287 0.17699115044247787
3 0.7461240310077519 0.7876106194690266 0.05426356589147287 0.19469026548672566
5 0.8701550387596899 0.7876106194690266 0.050387596899224806 0.19469026548672566
0 0.2596899224806202 0.7831858407079646 0.050387596899224806 0.17699115044247787
4 0.040697674418604654 0.7654867256637168 0.04263565891472868 0.168141592920354
7 0.44573643410852715 0.7876106194690266 0.050387596899224806 0.19469026548672566
7 0.1434108527131783 0.7787610619469026 0.046511627906976744 0.17699115044247787
4 0.622093023255814 0.7964601769911505 0.050387596899224806 0.18584070796460178
9 0.32170542635658916 0.7876106194690266 0.050387596899224806 0.17699115044247787
1 0.20155038759689922 0.7831858407079646 0.04263565891472868 0.17699115044247787
6 0.8081395348837209 0.7920353982300885 0.050387596899224806 0.19469026548672566