2 0.29009433962264153 0.8650793650793651 0.04716981132075472 0.11904761904761904
2 0.8349056603773585 0.8650793650793651 0.04716981132075472 0.12698412698412698
3 0.45754716981132076 0.8611111111111112 0.05188679245283019 0.12698412698412698
5 0.7783018867924528 0.8650793650793651 0.05188679245283019 0.11904761904761904
0 0.23349056603773585 0.8611111111111112 0.05188679245283019 0.11904761904761904
0 0.17688679245283018 0.8611111111111112 0.04716981132075472 0.11904761904761904
9 0.5518867924528302 0.8611111111111112 0.05188679245283019 0.11904761904761904
9 0.6650943396226415 0.8611111111111112 0.05188679245283019 0.11904761904761904
4 0.3443396226415094 0.8611111111111112 0.04716981132075472 0.11904761904761904
6 0.7240566037735849 0.8650793650793651 0.05188679245283019 0.11904761904761904
4 0.0660377358490566 0.8611111111111112 0.04716981132075472 0.11904761904761904
5 0.6084905660377359 0.8650793650793651 0.04716981132075472 0.12698412698412698
7 0.4009433962264151 0.8611111111111112 0.04716981132075472 0.11904761904761904