2 0.2981651376146789 0.9228395061728395 0.05504587155963303 0.10493827160493827
4 0.3623853211009174 0.9228395061728395 0.05504587155963303 0.09876543209876543
4 0.7201834862385321 0.9228395061728395 0.05045871559633028 0.09876543209876543
4 0.06422018348623854 0.9228395061728395 0.05045871559633028 0.09876543209876543
0 0.23394495412844038 0.9228395061728395 0.05504587155963303 0.10493827160493827
4 0.7844036697247706 0.9259259259259259 0.05045871559633028 0.09876543209876543
5 0.8463302752293578 0.9259259259259259 0.05045871559633028 0.10493827160493827
0 0.16972477064220184 0.9228395061728395 0.05045871559633028 0.10493827160493827
3 0.48853211009174313 0.9228395061728395 0.05045871559633028 0.10493827160493827
5 0.658256880733945 0.9228395061728395 0.05045871559633028 0.09876543209876543
7 0.4243119266055046 0.9228395061728395 0.05045871559633028 0.10493827160493827
5 0.908256880733945 0.9290123456790124 0.05045871559633028 0.10493827160493827
7 0.5986238532110092 0.9228395061728395 0.05504587155963303 0.09876543209876543