3 0.46 0.90625 0.048 0.08854166666666667
4 0.288 0.9088541666666666 0.048 0.08333333333333333
0 0.228 0.9088541666666666 0.044 0.08333333333333333
0 0.552 0.9036458333333334 0.044 0.08333333333333333
3 0.346 0.9088541666666666 0.048 0.08854166666666667
0 0.17 0.9088541666666666 0.044 0.08333333333333333
5 0.402 0.9088541666666666 0.044 0.08854166666666667
9 0.84 0.9036458333333334 0.044 0.08333333333333333
1 0.724 0.90625 0.04 0.08333333333333333
1 0.61 0.90625 0.044 0.08333333333333333
4 0.06 0.9114583333333334 0.044 0.08854166666666667
9 0.668 0.9036458333333334 0.044 0.08333333333333333
5 0.784 0.9036458333333334 0.044 0.08854166666666667