2 0.27455357142857145 0.8571428571428571 0.05357142857142857 0.17346938775510204
0 0.5669642857142857 0.8469387755102041 0.05357142857142857 0.17346938775510204
3 0.39955357142857145 0.8520408163265306 0.05357142857142857 0.17346938775510204
0 0.14955357142857142 0.8622448979591837 0.05357142857142857 0.16326530612244897
1 0.21651785714285715 0.8622448979591837 0.049107142857142856 0.16326530612244897
1 0.6941964285714286 0.8469387755102041 0.044642857142857144 0.16326530612244897
3 0.6316964285714286 0.8469387755102041 0.05357142857142857 0.17346938775510204
3 0.8169642857142857 0.8367346938775511 0.05357142857142857 0.17346938775510204
5 0.7522321428571429 0.8418367346938775 0.05357142857142857 0.17346938775510204
3 0.33705357142857145 0.8571428571428571 0.05357142857142857 0.17346938775510204
4 0.046875 0.8622448979591837 0.05357142857142857 0.17346938775510204
9 0.45982142857142855 0.8520408163265306 0.049107142857142856 0.16326530612244897
8 0.8794642857142857 0.8418367346938775 0.049107142857142856 0.16326530612244897