2 0.3 0.8857142857142857 0.05531914893617021 0.11428571428571428
5 0.8191489361702128 0.8828571428571429 0.05106382978723404 0.12
4 0.06170212765957447 0.8914285714285715 0.05531914893617021 0.11428571428571428
4 0.42127659574468085 0.8857142857142857 0.05531914893617021 0.10857142857142857
5 0.8765957446808511 0.8828571428571429 0.05106382978723404 0.11428571428571428
0 0.7617021276595745 0.88 0.05531914893617021 0.11428571428571428
0 0.17872340425531916 0.8885714285714286 0.05531914893617021 0.11428571428571428
0 0.2404255319148936 0.8857142857142857 0.05531914893617021 0.11428571428571428
0 0.4808510638297872 0.8828571428571429 0.05531914893617021 0.11428571428571428
4 0.5829787234042553 0.8828571428571429 0.05106382978723404 0.10857142857142857
0 0.7 0.88 0.05531914893617021 0.11428571428571428
9 0.3617021276595745 0.8857142857142857 0.059574468085106386 0.11428571428571428
7 0.6404255319148936 0.8828571428571429 0.05531914893617021 0.11428571428571428