3 0.07317073170731707 0.8779527559055118 0.054878048780487805 0.10236220472440945
2 0.6371951219512195 0.8700787401574803 0.04878048780487805 0.09448818897637795
2 0.24695121951219512 0.8740157480314961 0.04878048780487805 0.10236220472440945
3 0.3079268292682927 0.8740157480314961 0.04878048780487805 0.10236220472440945
3 0.42378048780487804 0.8740157480314961 0.054878048780487805 0.10236220472440945
0 0.7530487804878049 0.8661417322834646 0.04878048780487805 0.10236220472440945
9 0.36585365853658536 0.8740157480314961 0.04878048780487805 0.09448818897637795
1 0.4847560975609756 0.8740157480314961 0.04878048780487805 0.10236220472440945
4 0.5823170731707317 0.8700787401574803 0.04878048780487805 0.09448818897637795
2 0.8689024390243902 0.8700787401574803 0.04878048780487805 0.10236220472440945
3 0.8109756097560976 0.8661417322834646 0.04878048780487805 0.10236220472440945
3 0.698170731707317 0.8700787401574803 0.04878048780487805 0.10236220472440945
1 0.19207317073170732 0.8779527559055118 0.04878048780487805 0.09448818897637795