8 0.16896551724137931 0.088 0.04827586206896552 0.088
0 0.8206896551724138 0.088 0.04827586206896552 0.088
0 0.7655172413793103 0.088 0.04827586206896552 0.084
0 0.33448275862068966 0.088 0.04827586206896552 0.084
0 0.2810344827586207 0.088 0.04827586206896552 0.084
0 0.7103448275862069 0.088 0.04827586206896552 0.084
0 0.44482758620689655 0.088 0.04827586206896552 0.084
9 0.22586206896551725 0.088 0.04827586206896552 0.088
8 0.6551724137931034 0.09 0.04827586206896552 0.084
4 0.9344827586206896 0.086 0.04827586206896552 0.084
9 0.5465517241379311 0.09 0.04827586206896552 0.088
6 0.3896551724137931 0.09 0.04827586206896552 0.088
6 0.6 0.09 0.04827586206896552 0.088