2 0.1545138888888889 0.9252336448598131 0.04861111111111111 0.08878504672897196
8 0.8611111111111112 0.927570093457944 0.04861111111111111 0.08878504672897196
8 0.21354166666666666 0.9252336448598131 0.04861111111111111 0.08878504672897196
2 0.2743055555555556 0.9252336448598131 0.04861111111111111 0.08878504672897196
2 0.3975694444444444 0.9252336448598131 0.04861111111111111 0.08878504672897196
5 0.6197916666666666 0.9252336448598131 0.04861111111111111 0.08878504672897196
4 0.7395833333333334 0.9252336448598131 0.04861111111111111 0.08878504672897196
5 0.4583333333333333 0.9252336448598131 0.04861111111111111 0.08878504672897196
6 0.8003472222222222 0.9252336448598131 0.04861111111111111 0.08878504672897196
0 0.5572916666666666 0.9252336448598131 0.04861111111111111 0.08878504672897196
5 0.6805555555555556 0.9252336448598131 0.04861111111111111 0.08878504672897196
0 0.057291666666666664 0.9252336448598131 0.04861111111111111 0.08878504672897196
9 0.3368055555555556 0.9252336448598131 0.04861111111111111 0.08878504672897196