2 0.318359375 0.9185393258426966 0.05078125 0.11235955056179775
2 0.4375 0.9157303370786517 0.05078125 0.11797752808988764
8 0.826171875 0.9101123595505618 0.0546875 0.11797752808988764
0 0.376953125 0.9157303370786517 0.0546875 0.11235955056179775
0 0.259765625 0.9185393258426966 0.05078125 0.11235955056179775
0 0.587890625 0.9129213483146067 0.05078125 0.11235955056179775
0 0.201171875 0.9213483146067416 0.05078125 0.11797752808988764
5 0.494140625 0.9129213483146067 0.05078125 0.11797752808988764
0 0.705078125 0.9101123595505618 0.05078125 0.11797752808988764
3 0.765625 0.9101123595505618 0.05078125 0.11797752808988764
5 0.646484375 0.9129213483146067 0.05078125 0.11797752808988764
7 0.888671875 0.9101123595505618 0.05078125 0.12359550561797752
4 0.076171875 0.9213483146067416 0.05078125 0.11797752808988764