8 0.47651006711409394 0.884180790960452 0.04697986577181208 0.12429378531073447
6 0.8741610738255033 0.8757062146892656 0.050335570469798654 0.12429378531073447
8 0.6409395973154363 0.8813559322033898 0.04697986577181208 0.12429378531073447
4 0.3624161073825503 0.884180790960452 0.04697986577181208 0.12429378531073447
0 0.7013422818791947 0.8757062146892656 0.050335570469798654 0.12429378531073447
0 0.24496644295302014 0.884180790960452 0.050335570469798654 0.12429378531073447
0 0.18624161073825504 0.884180790960452 0.050335570469798654 0.12429378531073447
4 0.06040268456375839 0.8870056497175142 0.04697986577181208 0.12429378531073447
1 0.8120805369127517 0.8785310734463276 0.04697986577181208 0.12429378531073447
1 0.4161073825503356 0.884180790960452 0.040268456375838924 0.11864406779661017
1 0.5822147651006712 0.8813559322033898 0.040268456375838924 0.12429378531073447
4 0.7567114093959731 0.8785310734463276 0.0436241610738255 0.12429378531073447
9 0.3036912751677852 0.884180790960452 0.050335570469798654 0.12429378531073447