3 0.2951127819548872 0.8620689655172413 0.05639097744360902 0.1810344827586207
2 0.4699248120300752 0.8620689655172413 0.05263157894736842 0.1724137931034483
4 0.05451127819548872 0.8577586206896551 0.05263157894736842 0.1810344827586207
6 0.6823308270676691 0.8663793103448276 0.04887218045112782 0.1724137931034483
0 0.6240601503759399 0.8620689655172413 0.05263157894736842 0.1724137931034483
0 0.5676691729323309 0.8620689655172413 0.05263157894736842 0.1724137931034483
6 0.7406015037593985 0.8663793103448276 0.05263157894736842 0.1724137931034483
6 0.8533834586466166 0.8663793103448276 0.05263157894736842 0.1724137931034483
1 0.2387218045112782 0.8620689655172413 0.045112781954887216 0.1724137931034483
0 0.17669172932330826 0.8577586206896551 0.05263157894736842 0.1810344827586207
1 0.35526315789473684 0.8620689655172413 0.045112781954887216 0.1724137931034483
5 0.7969924812030075 0.8663793103448276 0.04887218045112782 0.1810344827586207
6 0.40977443609022557 0.8663793103448276 0.05263157894736842 0.1724137931034483