8 0.3563636363636364 0.7588235294117647 0.05090909090909091 0.23529411764705882
4 0.05818181818181818 0.7647058823529411 0.05454545454545454 0.24705882352941178
8 0.47454545454545455 0.7588235294117647 0.05090909090909091 0.23529411764705882
0 0.6945454545454546 0.7588235294117647 0.05818181818181818 0.24705882352941178
5 0.7545454545454545 0.7647058823529411 0.05454545454545454 0.24705882352941178
6 0.5763636363636364 0.7647058823529411 0.05818181818181818 0.24705882352941178
0 0.8145454545454546 0.7647058823529411 0.06181818181818182 0.24705882352941178
0 0.1781818181818182 0.7529411764705882 0.05454545454545454 0.23529411764705882
0 0.2381818181818182 0.7529411764705882 0.05454545454545454 0.23529411764705882
5 0.6363636363636364 0.7647058823529411 0.05818181818181818 0.24705882352941178
5 0.29818181818181816 0.7588235294117647 0.05090909090909091 0.23529411764705882
0 0.4163636363636364 0.7588235294117647 0.05454545454545454 0.24705882352941178
7 0.8763636363636363 0.7647058823529411 0.05454545454545454 0.24705882352941178