2 0.8439849624060151 0.8726114649681529 0.045112781954887216 0.12738853503184713
8 0.2951127819548872 0.8789808917197452 0.04887218045112782 0.12101910828025478
0 0.18045112781954886 0.8757961783439491 0.04887218045112782 0.12738853503184713
0 0.6203007518796992 0.8726114649681529 0.04887218045112782 0.12738853503184713
0 0.2387218045112782 0.8757961783439491 0.04887218045112782 0.12101910828025478
0 0.6766917293233082 0.8694267515923567 0.04887218045112782 0.12738853503184713
0 0.7894736842105263 0.8694267515923567 0.04887218045112782 0.12738853503184713
6 0.4680451127819549 0.8757961783439491 0.04887218045112782 0.12738853503184713
6 0.3533834586466165 0.8789808917197452 0.04887218045112782 0.12738853503184713
7 0.5620300751879699 0.8726114649681529 0.05263157894736842 0.12738853503184713
4 0.06578947368421052 0.8821656050955414 0.04887218045112782 0.12738853503184713
6 0.40977443609022557 0.8757961783439491 0.04887218045112782 0.12101910828025478
9 0.7330827067669173 0.8726114649681529 0.04887218045112782 0.12101910828025478