2 0.8467336683417085 0.9260869565217391 0.04522613065326633 0.13043478260869565
4 0.6733668341708543 0.9173913043478261 0.05025125628140704 0.13043478260869565
2 0.3417085427135678 0.9130434782608695 0.05025125628140704 0.13043478260869565
0 0.22613065326633167 0.908695652173913 0.05025125628140704 0.13043478260869565
0 0.7914572864321608 0.9217391304347826 0.05025125628140704 0.13043478260869565
0 0.7311557788944724 0.9217391304347826 0.05025125628140704 0.13043478260869565
0 0.1658291457286432 0.908695652173913 0.05025125628140704 0.1391304347826087
3 0.457286432160804 0.9130434782608695 0.05025125628140704 0.13043478260869565
0 0.5577889447236181 0.9173913043478261 0.05025125628140704 0.13043478260869565
3 0.4020100502512563 0.9130434782608695 0.05025125628140704 0.1391304347826087
4 0.04773869346733668 0.9043478260869565 0.04522613065326633 0.13043478260869565
1 0.6180904522613065 0.9173913043478261 0.04020100502512563 0.12173913043478261
9 0.28391959798994976 0.9130434782608695 0.05025125628140704 0.13043478260869565