2 0.46629213483146065 0.8537234042553191 0.05337078651685393 0.14361702127659576
8 0.8721910112359551 0.8617021276595744 0.05337078651685393 0.13297872340425532
1 0.6938202247191011 0.8563829787234043 0.0449438202247191 0.1276595744680851
0 0.6306179775280899 0.8563829787234043 0.056179775280898875 0.13297872340425532
0 0.2851123595505618 0.851063829787234 0.05337078651685393 0.13297872340425532
1 0.8146067415730337 0.8590425531914894 0.0449438202247191 0.1276595744680851
5 0.5688202247191011 0.8537234042553191 0.05056179775280899 0.13829787234042554
0 0.22331460674157302 0.848404255319149 0.05337078651685393 0.13297872340425532
0 0.16292134831460675 0.851063829787234 0.05337078651685393 0.13297872340425532
4 0.75 0.8563829787234043 0.05056179775280899 0.1276595744680851
4 0.34269662921348315 0.848404255319149 0.0449438202247191 0.1276595744680851
4 0.05898876404494382 0.848404255319149 0.047752808988764044 0.13297872340425532
9 0.4058988764044944 0.851063829787234 0.056179775280898875 0.1276595744680851