4 0.039647577092511016 0.8451327433628318 0.05726872246696035 0.168141592920354
5 0.5682819383259912 0.8495575221238938 0.05286343612334802 0.1592920353982301
0 0.2841409691629956 0.8451327433628318 0.05726872246696035 0.1592920353982301
0 0.15859030837004406 0.8451327433628318 0.05726872246696035 0.1592920353982301
0 0.22026431718061673 0.8451327433628318 0.05286343612334802 0.1592920353982301
1 0.8149779735682819 0.8584070796460177 0.04405286343612335 0.1592920353982301
5 0.6894273127753304 0.8495575221238938 0.05286343612334802 0.1592920353982301
0 0.751101321585903 0.8539823008849557 0.05726872246696035 0.1592920353982301
4 0.6299559471365639 0.8539823008849557 0.05286343612334802 0.168141592920354
1 0.3458149779735683 0.8495575221238938 0.04405286343612335 0.1592920353982301
4 0.8722466960352423 0.8584070796460177 0.048458149779735685 0.1592920353982301
5 0.4052863436123348 0.8495575221238938 0.05286343612334802 0.168141592920354
9 0.46916299559471364 0.8495575221238938 0.05286343612334802 0.1592920353982301