0 0.2570093457943925 0.9081632653061225 0.056074766355140186 0.12244897959183673
0 0.6565420560747663 0.9081632653061225 0.056074766355140186 0.11564625850340136
0 0.1985981308411215 0.9115646258503401 0.06074766355140187 0.12244897959183673
4 0.8294392523364486 0.9081632653061225 0.056074766355140186 0.10884353741496598
4 0.5934579439252337 0.9081632653061225 0.056074766355140186 0.10884353741496598
7 0.7733644859813084 0.9081632653061225 0.056074766355140186 0.11564625850340136
3 0.7149532710280374 0.9081632653061225 0.056074766355140186 0.12244897959183673
1 0.37616822429906543 0.9081632653061225 0.04672897196261682 0.11564625850340136
3 0.4953271028037383 0.9115646258503401 0.056074766355140186 0.12244897959183673
3 0.8925233644859814 0.9081632653061225 0.06074766355140187 0.11564625850340136
4 0.07710280373831775 0.9115646258503401 0.06074766355140187 0.11564625850340136
8 0.32009345794392524 0.9115646258503401 0.056074766355140186 0.11564625850340136
0 0.4369158878504673 0.9115646258503401 0.06074766355140187 0.12244897959183673