6 0.5859649122807018 0.8058252427184466 0.05263157894736842 0.21359223300970873
0 0.19824561403508772 0.8009708737864077 0.05263157894736842 0.21359223300970873
0 0.2578947368421053 0.8058252427184466 0.05263157894736842 0.21359223300970873
6 0.3157894736842105 0.8106796116504854 0.05263157894736842 0.21359223300970873
6 0.3736842105263158 0.8058252427184466 0.05263157894736842 0.21359223300970873
6 0.8175438596491228 0.8106796116504854 0.056140350877192984 0.21359223300970873
7 0.48947368421052634 0.8058252427184466 0.05263157894736842 0.22330097087378642
7 0.875438596491228 0.8106796116504854 0.05263157894736842 0.22330097087378642
7 0.643859649122807 0.8058252427184466 0.05263157894736842 0.22330097087378642
4 0.08771929824561403 0.8058252427184466 0.056140350877192984 0.22330097087378642
1 0.43508771929824563 0.8106796116504854 0.0456140350877193 0.20388349514563106
7 0.7578947368421053 0.8058252427184466 0.05263157894736842 0.22330097087378642
5 0.6982456140350877 0.8106796116504854 0.05263157894736842 0.22330097087378642