4 0.05657492354740061 0.7476635514018691 0.05504587155963303 0.2336448598130841
6 0.5902140672782875 0.7242990654205608 0.0581039755351682 0.24299065420560748
5 0.6498470948012233 0.719626168224299 0.0581039755351682 0.24299065420560748
0 0.8333333333333334 0.7102803738317757 0.06116207951070336 0.2336448598130841
0 0.7110091743119266 0.7149532710280374 0.0581039755351682 0.2336448598130841
0 0.1834862385321101 0.7289719626168224 0.05504587155963303 0.2336448598130841
5 0.3058103975535168 0.7289719626168224 0.05198776758409786 0.22429906542056074
0 0.42660550458715596 0.7242990654205608 0.05198776758409786 0.2336448598130841
8 0.48623853211009177 0.7242990654205608 0.05198776758409786 0.22429906542056074
5 0.7706422018348624 0.7149532710280374 0.0581039755351682 0.2336448598130841
7 0.8944954128440367 0.7102803738317757 0.05198776758409786 0.2336448598130841
8 0.3654434250764526 0.7289719626168224 0.05198776758409786 0.2336448598130841
0 0.24464831804281345 0.7289719626168224 0.05504587155963303 0.22429906542056074