2 0.30434782608695654 0.8671875 0.05652173913043478 0.15625
2 0.591304347826087 0.8671875 0.05652173913043478 0.15625
2 0.7782608695652173 0.8671875 0.05217391304347826 0.15625
0 0.18478260869565216 0.86328125 0.05652173913043478 0.140625
0 0.24347826086956523 0.8671875 0.05652173913043478 0.1484375
5 0.8934782608695652 0.86328125 0.05217391304347826 0.1484375
9 0.49130434782608695 0.86328125 0.06086956521739131 0.1484375
5 0.42391304347826086 0.8671875 0.05652173913043478 0.1484375
1 0.8304347826086956 0.8671875 0.043478260869565216 0.1484375
7 0.7195652173913043 0.86328125 0.06086956521739131 0.15625
1 0.65 0.8671875 0.04782608695652174 0.1484375
4 0.058695652173913045 0.86328125 0.05217391304347826 0.1484375
8 0.3673913043478261 0.8671875 0.05652173913043478 0.1484375