6 0.8613861386138614 0.6510204081632653 0.1782178217821782 0.04897959183673469
6 0.8613861386138614 0.15306122448979592 0.16831683168316833 0.04897959183673469
6 0.8613861386138614 0.7081632653061225 0.1782178217821782 0.04897959183673469
3 0.8613861386138614 0.5938775510204082 0.1782178217821782 0.04897959183673469
0 0.8613861386138614 0.8204081632653061 0.1782178217821782 0.04897959183673469
8 0.8663366336633663 0.20816326530612245 0.1782178217821782 0.04897959183673469
8 0.8613861386138614 0.32448979591836735 0.1782178217821782 0.044897959183673466
9 0.8613861386138614 0.536734693877551 0.1782178217821782 0.053061224489795916
3 0.8613861386138614 0.43673469387755104 0.1782178217821782 0.04897959183673469
1 0.8613861386138614 0.3795918367346939 0.1782178217821782 0.044897959183673466
0 0.8613861386138614 0.2653061224489796 0.16831683168316833 0.04897959183673469
4 0.8613861386138614 0.936734693877551 0.1782178217821782 0.04897959183673469
0 0.8613861386138614 0.763265306122449 0.1782178217821782 0.04897959183673469