2 0.13821138211382114 0.2956989247311828 0.17073170731707318 0.05734767025089606
2 0.13821138211382114 0.35842293906810035 0.17073170731707318 0.05734767025089606
2 0.11788617886178862 0.7634408602150538 0.17073170731707318 0.053763440860215055
0 0.14634146341463414 0.17383512544802868 0.17073170731707318 0.053763440860215055
3 0.13008130081300814 0.6433691756272402 0.17073170731707318 0.05734767025089606
0 0.13821138211382114 0.48028673835125446 0.17073170731707318 0.05734767025089606
0 0.13821138211382114 0.41935483870967744 0.17073170731707318 0.053763440860215055
0 0.13008130081300814 0.5842293906810035 0.17073170731707318 0.05734767025089606
5 0.12195121951219512 0.8225806451612904 0.17073170731707318 0.05734767025089606
1 0.14227642276422764 0.24014336917562723 0.17073170731707318 0.05017921146953405
0 0.11788617886178862 0.8835125448028673 0.17073170731707318 0.05734767025089606
9 0.12601626016260162 0.7060931899641577 0.17073170731707318 0.053763440860215055
4 0.161869918699187 0.04695340501792115 0.16609756097560976 0.057168458781362