2 0.36401673640167365 0.8736842105263158 0.05439330543933055 0.2
2 0.7761506276150628 0.8631578947368421 0.0502092050209205 0.2
0 0.301255230125523 0.8789473684210526 0.05439330543933055 0.22105263157894736
0 0.2384937238493724 0.8789473684210526 0.05439330543933055 0.22105263157894736
0 0.17573221757322174 0.8789473684210526 0.05439330543933055 0.22105263157894736
0 0.6589958158995816 0.8736842105263158 0.05439330543933055 0.21052631578947367
1 0.7196652719665272 0.8736842105263158 0.04184100418410042 0.2
4 0.056485355648535567 0.8842105263157894 0.0502092050209205 0.2
1 0.5983263598326359 0.8736842105263158 0.04602510460251046 0.2
4 0.8326359832635983 0.8578947368421053 0.04602510460251046 0.2
9 0.4916317991631799 0.8789473684210526 0.05439330543933055 0.22105263157894736
6 0.42887029288702927 0.8842105263157894 0.05439330543933055 0.22105263157894736
7 0.8828451882845189 0.8578947368421053 0.04602510460251046 0.2