0 0.21875 0.8691588785046729 0.04513888888888889 0.17757009345794392
0 0.15625 0.8738317757009346 0.04513888888888889 0.16822429906542055
2 0.6302083333333334 0.8691588785046729 0.041666666666666664 0.17757009345794392
0 0.7552083333333334 0.8644859813084113 0.041666666666666664 0.17757009345794392
7 0.8784722222222222 0.8644859813084113 0.03819444444444445 0.18691588785046728
3 0.6909722222222222 0.8691588785046729 0.041666666666666664 0.17757009345794392
3 0.40625 0.8738317757009346 0.041666666666666664 0.17757009345794392
1 0.34375 0.8738317757009346 0.034722222222222224 0.16822429906542055
1 0.2795138888888889 0.8738317757009346 0.034722222222222224 0.16822429906542055
1 0.8142361111111112 0.8644859813084113 0.03819444444444445 0.17757009345794392
3 0.5677083333333334 0.8691588785046729 0.041666666666666664 0.18691588785046728
3 0.4670138888888889 0.8691588785046729 0.041666666666666664 0.18691588785046728
4 0.05652777777777778 0.875981308411215 0.050034722222222223 0.17158878504672898