8 0.4645669291338583 0.8132530120481928 0.047244094488188976 0.21686746987951808
9 0.2755905511811024 0.8072289156626506 0.047244094488188976 0.21686746987951808
0 0.14960629921259844 0.8012048192771084 0.047244094488188976 0.21686746987951808
0 0.33858267716535434 0.8072289156626506 0.047244094488188976 0.21686746987951808
0 0.2125984251968504 0.8012048192771084 0.047244094488188976 0.21686746987951808
3 0.8110236220472441 0.8253012048192772 0.051181102362204724 0.2289156626506024
4 0.8740157480314961 0.8313253012048193 0.047244094488188976 0.2289156626506024
7 0.75 0.8192771084337349 0.051181102362204724 0.2289156626506024
6 0.5649606299212598 0.8192771084337349 0.051181102362204724 0.2289156626506024
7 0.4015748031496063 0.8072289156626506 0.047244094488188976 0.2289156626506024
5 0.6240157480314961 0.8192771084337349 0.047244094488188976 0.2289156626506024
9 0.687007874015748 0.8253012048192772 0.051181102362204724 0.2289156626506024
4 0.05944881889763779 0.8048192771084337 0.046456692913385826 0.2216867469879518