3 0.6403785488958991 0.9106145251396648 0.050473186119873815 0.1340782122905028
8 0.582018927444795 0.9106145251396648 0.0473186119873817 0.12849162011173185
0 0.20189274447949526 0.8966480446927374 0.0473186119873817 0.12849162011173185
8 0.033123028391167195 0.8966480446927374 0.04416403785488959 0.12849162011173185
0 0.4274447949526814 0.9050279329608939 0.0473186119873817 0.12849162011173185
4 0.2586750788643533 0.9022346368715084 0.04416403785488959 0.12849162011173185
0 0.14511041009463724 0.8966480446927374 0.0473186119873817 0.12849162011173185
0 0.3138801261829653 0.9022346368715084 0.0473186119873817 0.12849162011173185
5 0.7539432176656151 0.9134078212290503 0.0473186119873817 0.1340782122905028
3 0.3722397476340694 0.9022346368715084 0.0473186119873817 0.1340782122905028
3 0.5252365930599369 0.9078212290502793 0.050473186119873815 0.1340782122905028
5 0.8123028391167192 0.9134078212290503 0.0473186119873817 0.1340782122905028
5 0.695583596214511 0.9134078212290503 0.0473186119873817 0.1340782122905028