2 0.41699604743083 0.8262411347517731 0.05138339920948617 0.14893617021276595
0 0.1857707509881423 0.8120567375886525 0.05138339920948617 0.14184397163120568
4 0.06521739130434782 0.8049645390070922 0.05138339920948617 0.14893617021276595
1 0.5790513833992095 0.8297872340425532 0.04743083003952569 0.14893617021276595
0 0.2450592885375494 0.8156028368794326 0.05138339920948617 0.14184397163120568
0 0.7509881422924901 0.8333333333333334 0.05138339920948617 0.14893617021276595
5 0.691699604743083 0.8333333333333334 0.05138339920948617 0.14893617021276595
0 0.8102766798418972 0.8368794326241135 0.05138339920948617 0.14893617021276595
1 0.30237154150197626 0.8191489361702128 0.043478260869565216 0.14893617021276595
4 0.6343873517786561 0.8333333333333334 0.05138339920948617 0.14893617021276595
3 0.4762845849802372 0.8297872340425532 0.05138339920948617 0.14184397163120568
5 0.8675889328063241 0.8404255319148937 0.05138339920948617 0.14893617021276595
7 0.35968379446640314 0.8226950354609929 0.05138339920948617 0.15602836879432624