9 0.5778443113772455 0.8663366336633663 0.04491017964071856 0.22772277227722773
3 0.42065868263473055 0.8663366336633663 0.04790419161676647 0.22772277227722773
3 0.4805389221556886 0.8663366336633663 0.04790419161676647 0.2376237623762376
0 0.7005988023952096 0.8663366336633663 0.04790419161676647 0.22772277227722773
9 0.8847305389221557 0.8663366336633663 0.04790419161676647 0.22772277227722773
0 0.8248502994011976 0.8613861386138614 0.04790419161676647 0.22772277227722773
4 0.041916167664670656 0.8811881188118812 0.04790419161676647 0.22772277227722773
0 0.17365269461077845 0.8762376237623762 0.04790419161676647 0.22772277227722773
1 0.2964071856287425 0.8762376237623762 0.03592814371257485 0.22772277227722773
3 0.7619760479041916 0.8613861386138614 0.04790419161676647 0.2376237623762376
3 0.35778443113772457 0.8663366336633663 0.04790419161676647 0.2376237623762376
8 0.6407185628742516 0.8663366336633663 0.04790419161676647 0.22772277227722773
1 0.23652694610778444 0.8762376237623762 0.03592814371257485 0.22772277227722773