0 0.8267716535433071 0.5393835616438356 0.1889763779527559 0.06164383561643835
0 0.8031496062992126 0.8493150684931506 0.1889763779527559 0.05821917808219178
2 0.8346456692913385 0.3698630136986301 0.1889763779527559 0.05821917808219178
9 0.8388188976377953 0.3065068493150685 0.1974015748031496 0.06506849315068493
4 0.8025984251968504 0.9486301369863014 0.19787401574803148 0.05821917808219178
5 0.8346456692913385 0.238013698630137 0.1889763779527559 0.06164383561643835
3 0.8559055118110236 0.10469178082191781 0.2115748031496063 0.057773972602739726
8 0.852755905511811 0.16811643835616438 0.19692913385826774 0.06592465753424658
6 0.8254330708661417 0.6033904109589041 0.2094488188976378 0.06431506849315069
1 0.8233070866141733 0.6686643835616438 0.2137007874015748 0.039623287671232875
6 0.8222834645669291 0.7293835616438356 0.19480314960629921 0.06058219178082192
0 0.8196850393700787 0.7871232876712329 0.18952755905511812 0.061917808219178076
6 0.8433070866141732 0.4313013698630137 0.19480314960629921 0.07626712328767123