8 0.6832191780821918 0.23109243697478993 0.0547945205479452 0.18487394957983194
0 0.8065068493150684 0.21428571428571427 0.0547945205479452 0.18487394957983194
8 0.1113013698630137 0.2647058823529412 0.0547945205479452 0.17647058823529413
0 0.7448630136986302 0.22268907563025211 0.05821917808219178 0.18487394957983194
0 0.2243150684931507 0.2605042016806723 0.0547945205479452 0.18487394957983194
0 0.4006849315068493 0.24789915966386555 0.05821917808219178 0.19327731092436976
8 0.5017123287671232 0.24369747899159663 0.05821917808219178 0.18487394957983194
4 0.940068493150685 0.19747899159663865 0.05136986301369863 0.14285714285714285
6 0.285958904109589 0.2605042016806723 0.0547945205479452 0.20168067226890757
7 0.1660958904109589 0.2605042016806723 0.0547945205479452 0.18487394957983194
1 0.3407534246575342 0.25210084033613445 0.0410958904109589 0.18487394957983194
5 0.5633561643835616 0.23949579831932774 0.0547945205479452 0.17647058823529413
1 0.6215753424657534 0.23529411764705882 0.0410958904109589 0.17647058823529413