2 0.6478260869565218 0.8253968253968254 0.05217391304347826 0.23809523809523808
3 0.5840579710144927 0.8214285714285714 0.06086956521739131 0.24603174603174602
4 0.05217391304347826 0.8174603174603174 0.05507246376811594 0.23015873015873015
8 0.7115942028985507 0.8293650793650794 0.05507246376811594 0.23015873015873015
9 0.7768115942028986 0.8293650793650794 0.05507246376811594 0.23015873015873015
3 0.28695652173913044 0.8174603174603174 0.057971014492753624 0.24603174603174602
7 0.9043478260869565 0.8333333333333334 0.05507246376811594 0.23015873015873015
7 0.4826086956521739 0.8214285714285714 0.05507246376811594 0.23809523809523808
0 0.15797101449275364 0.8134920634920635 0.057971014492753624 0.23809523809523808
0 0.42028985507246375 0.8174603174603174 0.057971014492753624 0.23809523809523808
1 0.2217391304347826 0.8174603174603174 0.04927536231884058 0.23015873015873015
3 0.3521739130434783 0.8174603174603174 0.057971014492753624 0.24603174603174602
5 0.8391304347826087 0.8333333333333334 0.05507246376811594 0.23015873015873015