8 0.36721991701244816 0.9162162162162162 0.04979253112033195 0.10270270270270271
8 0.491701244813278 0.9135135135135135 0.04979253112033195 0.10270270270270271
3 0.9024896265560166 0.9027027027027027 0.04979253112033195 0.10270270270270271
0 0.24273858921161826 0.9162162162162162 0.05394190871369295 0.10270270270270271
5 0.3049792531120332 0.918918918918919 0.04979253112033195 0.10270270270270271
0 0.42946058091286304 0.9135135135135135 0.04979253112033195 0.10270270270270271
0 0.18049792531120332 0.918918918918919 0.04979253112033195 0.0972972972972973
1 0.6016597510373444 0.9108108108108108 0.04979253112033195 0.0972972972972973
6 0.8423236514522822 0.9054054054054054 0.04979253112033195 0.10270270270270271
8 0.7800829875518672 0.9081081081081082 0.04979253112033195 0.10270270270270271
8 0.7199170124481328 0.9081081081081082 0.04979253112033195 0.10270270270270271
9 0.6576763485477178 0.9081081081081082 0.04979253112033195 0.10270270270270271
4 0.05394190871369295 0.9216216216216216 0.04979253112033195 0.10270270270270271