0 0.7056737588652482 0.7471910112359551 0.05673758865248227 0.2247191011235955
8 0.3723404255319149 0.7640449438202247 0.04964539007092199 0.21348314606741572
7 0.8812056737588653 0.7359550561797753 0.05319148936170213 0.21348314606741572
0 0.4308510638297872 0.7584269662921348 0.04964539007092199 0.21348314606741572
6 0.5904255319148937 0.7528089887640449 0.05673758865248227 0.2247191011235955
0 0.25354609929078015 0.7696629213483146 0.05319148936170213 0.2247191011235955
0 0.1950354609929078 0.7696629213483146 0.05319148936170213 0.2247191011235955
0 0.8226950354609929 0.7415730337078652 0.06028368794326241 0.2247191011235955
8 0.48936170212765956 0.7584269662921348 0.04964539007092199 0.21348314606741572
4 0.06914893617021277 0.7865168539325843 0.04964539007092199 0.2247191011235955
5 0.7624113475177305 0.7471910112359551 0.05673758865248227 0.2247191011235955
5 0.31382978723404253 0.7696629213483146 0.04964539007092199 0.2247191011235955
5 0.648936170212766 0.7528089887640449 0.05673758865248227 0.2247191011235955