2 0.6115537848605578 0.8769230769230769 0.04780876494023904 0.14615384615384616
8 0.2868525896414343 0.8730769230769231 0.04780876494023904 0.13846153846153847
8 0.8366533864541833 0.8730769230769231 0.04780876494023904 0.13846153846153847
0 0.17131474103585656 0.8730769230769231 0.04780876494023904 0.14615384615384616
5 0.6673306772908366 0.8730769230769231 0.043824701195219126 0.14615384615384616
3 0.7250996015936255 0.8692307692307693 0.05179282868525897 0.14615384615384616
4 0.34462151394422313 0.8730769230769231 0.043824701195219126 0.14615384615384616
4 0.7808764940239044 0.8730769230769231 0.043824701195219126 0.13846153846153847
0 0.2290836653386454 0.8730769230769231 0.04780876494023904 0.14615384615384616
5 0.5557768924302788 0.8769230769230769 0.04780876494023904 0.14615384615384616
6 0.4601593625498008 0.8769230769230769 0.04780876494023904 0.14615384615384616
4 0.055776892430278883 0.8769230769230769 0.04780876494023904 0.13846153846153847
9 0.40239043824701193 0.8730769230769231 0.04780876494023904 0.13846153846153847