2 0.8959731543624161 0.38847583643122674 0.1342281879194631 0.05204460966542751
2 0.889261744966443 0.6059479553903345 0.1342281879194631 0.05204460966542751
6 0.8825503355704698 0.8382899628252788 0.12751677852348994 0.05204460966542751
8 0.8926174496644296 0.4479553903345725 0.1342281879194631 0.05204460966542751
6 0.8993288590604027 0.27137546468401486 0.1342281879194631 0.055762081784386616
0 0.8926174496644296 0.5483271375464684 0.1342281879194631 0.05204460966542751
0 0.8859060402684564 0.7211895910780669 0.1342281879194631 0.05204460966542751
0 0.8825503355704698 0.7806691449814126 0.1342281879194631 0.05204460966542751
5 0.8859060402684564 0.6635687732342007 0.1342281879194631 0.05204460966542751
1 0.9026845637583892 0.1524163568773234 0.1342281879194631 0.04460966542750929
0 0.8993288590604027 0.21189591078066913 0.1342281879194631 0.05204460966542751
5 0.8926174496644296 0.3308550185873606 0.12751677852348994 0.05204460966542751
3 0.8813422818791946 0.9572118959107807 0.14966442953020134 0.05888475836431227