8 0.4861751152073733 0.8514851485148515 0.04608294930875576 0.1485148514851485
8 0.7649769585253456 0.8267326732673267 0.05069124423963134 0.1485148514851485
8 0.8847926267281107 0.8168316831683168 0.05069124423963134 0.1485148514851485
0 0.2465437788018433 0.8663366336633663 0.05069124423963134 0.1485148514851485
0 0.18663594470046083 0.8712871287128713 0.04608294930875576 0.1485148514851485
4 0.3663594470046083 0.8564356435643564 0.04608294930875576 0.1485148514851485
4 0.08986175115207373 0.8762376237623762 0.04608294930875576 0.1485148514851485
1 0.7073732718894009 0.8316831683168316 0.04608294930875576 0.1485148514851485
1 0.42857142857142855 0.8514851485148515 0.041474654377880185 0.1485148514851485
4 0.8248847926267281 0.8267326732673267 0.04608294930875576 0.15841584158415842
0 0.6474654377880185 0.8366336633663366 0.05069124423963134 0.15841584158415842
1 0.5898617511520737 0.8415841584158416 0.041474654377880185 0.1485148514851485
9 0.3064516129032258 0.8613861386138614 0.05069124423963134 0.1485148514851485