3 0.6793193717277487 0.8431952662721893 0.05759162303664921 0.1952662721893491
4 0.7971204188481675 0.8431952662721893 0.05235602094240838 0.1893491124260355
2 0.4607329842931937 0.8550295857988166 0.05235602094240838 0.1834319526627219
0 0.5589005235602095 0.849112426035503 0.0549738219895288 0.1893491124260355
6 0.6204188481675392 0.8520710059171598 0.0549738219895288 0.1834319526627219
0 0.1662303664921466 0.8579881656804734 0.05235602094240838 0.1834319526627219
2 0.7382198952879581 0.849112426035503 0.05235602094240838 0.1893491124260355
0 0.28272251308900526 0.8579881656804734 0.0549738219895288 0.1893491124260355
5 0.3416230366492147 0.8579881656804734 0.049738219895287955 0.1893491124260355
5 0.225130890052356 0.8609467455621301 0.049738219895287955 0.1893491124260355
5 0.04319371727748691 0.863905325443787 0.049738219895287955 0.1893491124260355
0 0.856020942408377 0.8372781065088757 0.05759162303664921 0.1893491124260355
8 0.4018324607329843 0.8579881656804734 0.05235602094240838 0.1834319526627219