7 0.6855123674911661 0.8918269230769231 0.053003533568904596 0.10576923076923077
3 0.8021201413427562 0.8894230769230769 0.05653710247349823 0.10576923076923077
4 0.7420494699646644 0.8894230769230769 0.04946996466431095 0.10096153846153846
0 0.46996466431095407 0.9014423076923077 0.05653710247349823 0.1201923076923077
6 0.627208480565371 0.8990384615384616 0.04946996466431095 0.09615384615384616
0 0.568904593639576 0.9014423076923077 0.04946996466431095 0.11057692307692307
4 0.8604240282685512 0.8846153846153846 0.045936395759717315 0.10096153846153846
1 0.2950530035335689 0.9110576923076923 0.04240282685512368 0.10096153846153846
4 0.3480565371024735 0.90625 0.04946996466431095 0.11057692307692307
2 0.4045936395759717 0.90625 0.04946996466431095 0.11057692307692307
0 0.17491166077738515 0.9158653846153846 0.04946996466431095 0.10096153846153846
0 0.23498233215547704 0.9134615384615384 0.053003533568904596 0.10096153846153846
8 0.06579505300353357 0.9192307692307692 0.06819787985865725 0.12389423076923077