8 0.7775590551181102 0.8646616541353384 0.051181102362204724 0.15037593984962405
2 0.4940944881889764 0.8646616541353384 0.051181102362204724 0.15037593984962405
3 0.8405511811023622 0.8609022556390977 0.05905511811023622 0.15789473684210525
0 0.18700787401574803 0.8571428571428571 0.051181102362204724 0.15037593984962405
0 0.5984251968503937 0.8571428571428571 0.051181102362204724 0.15037593984962405
7 0.8996062992125984 0.8646616541353384 0.051181102362204724 0.15037593984962405
0 0.25 0.8571428571428571 0.051181102362204724 0.15037593984962405
0 0.65748031496063 0.8609022556390977 0.051181102362204724 0.15037593984962405
9 0.3110236220472441 0.8571428571428571 0.051181102362204724 0.14285714285714285
5 0.718503937007874 0.8609022556390977 0.051181102362204724 0.15037593984962405
9 0.3720472440944882 0.8609022556390977 0.051181102362204724 0.14285714285714285
3 0.43503937007874016 0.8609022556390977 0.05511811023622047 0.15789473684210525
4 0.06299212598425197 0.8571428571428571 0.051181102362204724 0.15037593984962405