2 0.8519736842105263 0.625 0.13815789473684212 0.04861111111111111
4 0.819078947368421 0.9600694444444444 0.13815789473684212 0.04861111111111111
0 0.8881578947368421 0.22916666666666666 0.13815789473684212 0.05555555555555555
0 0.8289473684210527 0.8489583333333334 0.13815789473684212 0.04513888888888889
0 0.8355263157894737 0.7934027777777778 0.13815789473684212 0.04861111111111111
6 0.8980263157894737 0.16666666666666666 0.13815789473684212 0.052083333333333336
0 0.8388157894736842 0.7378472222222222 0.13815789473684212 0.04861111111111111
5 0.8848684210526315 0.2881944444444444 0.14473684210526316 0.052083333333333336
3 0.875 0.3489583333333333 0.14473684210526316 0.05555555555555555
9 0.875 0.4097222222222222 0.14473684210526316 0.052083333333333336
1 0.8552631578947368 0.5677083333333334 0.13815789473684212 0.04513888888888889
5 0.8453947368421053 0.6805555555555556 0.13815789473684212 0.04513888888888889
5 0.8651315789473685 0.4670138888888889 0.14473684210526316 0.04861111111111111