2 0.46916299559471364 0.8953488372093024 0.06167400881057269 0.15503875968992248
2 0.5704845814977973 0.8914728682170543 0.06167400881057269 0.15503875968992248
2 0.2753303964757709 0.8953488372093024 0.05726872246696035 0.15503875968992248
9 0.6960352422907489 0.8875968992248062 0.06167400881057269 0.14728682170542637
5 0.8215859030837004 0.8798449612403101 0.06167400881057269 0.15503875968992248
0 0.7577092511013216 0.8837209302325582 0.06167400881057269 0.15503875968992248
0 0.34140969162995594 0.8914728682170543 0.06167400881057269 0.14728682170542637
9 0.4052863436123348 0.8914728682170543 0.06167400881057269 0.14728682170542637
0 0.14757709251101322 0.8914728682170543 0.06607929515418502 0.15503875968992248
6 0.8788546255506607 0.872093023255814 0.05286343612334802 0.14728682170542637
4 0.039647577092511016 0.8914728682170543 0.06167400881057269 0.14728682170542637
6 0.6343612334801763 0.8875968992248062 0.05726872246696035 0.14728682170542637
1 0.21145374449339208 0.8914728682170543 0.048458149779735685 0.13953488372093023