8 0.32954545454545453 0.8755555555555555 0.05397727272727273 0.13333333333333333
2 0.4502840909090909 0.8755555555555555 0.048295454545454544 0.1288888888888889
4 0.061079545454545456 0.88 0.056818181818181816 0.14222222222222222
0 0.265625 0.8755555555555555 0.05397727272727273 0.13777777777777778
9 0.8707386363636364 0.8688888888888889 0.04261363636363636 0.11555555555555555
0 0.2002840909090909 0.8755555555555555 0.056818181818181816 0.13777777777777778
0 0.6633522727272727 0.8688888888888889 0.045454545454545456 0.12
0 0.6079545454545454 0.8688888888888889 0.045454545454545456 0.12444444444444444
9 0.5099431818181818 0.8733333333333333 0.048295454545454544 0.12444444444444444
6 0.7173295454545454 0.8711111111111111 0.045454545454545456 0.12
8 0.8210227272727273 0.8688888888888889 0.04261363636363636 0.12
2 0.7684659090909091 0.8711111111111111 0.04261363636363636 0.12
4 0.39204545454545453 0.8733333333333333 0.048295454545454544 0.1288888888888889