5 0.2937219730941704 0.889344262295082 0.05829596412556054 0.16393442622950818
9 0.48878923766816146 0.8975409836065574 0.05829596412556054 0.1557377049180328
0 0.1726457399103139 0.8770491803278688 0.053811659192825115 0.1557377049180328
1 0.7130044843049327 0.8852459016393442 0.04484304932735426 0.1557377049180328
0 0.35874439461883406 0.8934426229508197 0.05829596412556054 0.1557377049180328
0 0.42376681614349776 0.8934426229508197 0.05829596412556054 0.16393442622950818
0 0.5919282511210763 0.8934426229508197 0.053811659192825115 0.16393442622950818
0 0.6569506726457399 0.889344262295082 0.053811659192825115 0.1557377049180328
2 0.8318385650224215 0.8688524590163934 0.04932735426008968 0.16393442622950818
0 0.23318385650224216 0.8811475409836066 0.053811659192825115 0.1557377049180328
4 0.053811659192825115 0.860655737704918 0.04932735426008968 0.16393442622950818
7 0.8811659192825112 0.8565573770491803 0.04484304932735426 0.16393442622950818
6 0.7757847533632287 0.8770491803278688 0.053811659192825115 0.16393442622950818