2 0.4133738601823708 0.8960784313725491 0.0547112462006079 0.10196078431372549
2 0.5805471124620061 0.9019607843137255 0.057750759878419454 0.10588235294117647
0 0.8297872340425532 0.9098039215686274 0.057750759878419454 0.10196078431372549
0 0.16869300911854104 0.884313725490196 0.0547112462006079 0.10196078431372549
1 0.3556231003039514 0.8921568627450981 0.0486322188449848 0.09803921568627451
1 0.2948328267477204 0.8921568627450981 0.05167173252279635 0.09803921568627451
0 0.7051671732522796 0.903921568627451 0.0547112462006079 0.10196078431372549
0 0.4756838905775076 0.8941176470588236 0.0547112462006079 0.10196078431372549
0 0.23100303951367782 0.8862745098039215 0.0547112462006079 0.10196078431372549
4 0.04711246200607903 0.884313725490196 0.05167173252279635 0.10196078431372549
6 0.6443768996960486 0.903921568627451 0.0547112462006079 0.10588235294117647
5 0.8936170212765957 0.9137254901960784 0.0547112462006079 0.10196078431372549
9 0.7674772036474165 0.907843137254902 0.0547112462006079 0.10196078431372549