8 0.3003412969283277 0.8966666666666666 0.051194539249146756 0.14666666666666667
0 0.1825938566552901 0.8933333333333333 0.05460750853242321 0.14666666666666667
0 0.24061433447098976 0.8966666666666666 0.05460750853242321 0.14666666666666667
5 0.7559726962457338 0.9066666666666666 0.04778156996587031 0.14666666666666667
0 0.8156996587030717 0.9066666666666666 0.05460750853242321 0.14666666666666667
1 0.35665529010238906 0.8966666666666666 0.03754266211604096 0.14666666666666667
1 0.41467576791808874 0.9 0.03754266211604096 0.14666666666666667
2 0.8737201365187713 0.91 0.04778156996587031 0.14
4 0.05460750853242321 0.8933333333333333 0.05460750853242321 0.15333333333333332
0 0.6399317406143344 0.8833333333333333 0.051194539249146756 0.12
0 0.47440273037542663 0.9 0.051194539249146756 0.14666666666666667
1 0.6928327645051194 0.9066666666666666 0.034129692832764506 0.15333333333333332