3 0.05740740740740741 0.9115646258503401 0.05925925925925926 0.14965986394557823
2 0.6481481481481481 0.9013605442176871 0.05185185185185185 0.14285714285714285
2 0.42407407407407405 0.9047619047619048 0.05185185185185185 0.14285714285714285
8 0.587037037037037 0.9013605442176871 0.05185185185185185 0.14285714285714285
6 0.7666666666666667 0.9013605442176871 0.05185185185185185 0.14285714285714285
5 0.3648148148148148 0.9047619047619048 0.05185185185185185 0.14965986394557823
0 0.24074074074074073 0.9047619047619048 0.05185185185185185 0.14285714285714285
0 0.48333333333333334 0.9013605442176871 0.05185185185185185 0.14285714285714285
5 0.7055555555555556 0.9013605442176871 0.05185185185185185 0.14285714285714285
0 0.3037037037037037 0.9047619047619048 0.05185185185185185 0.14285714285714285
6 0.1814814814814815 0.9081632653061225 0.05185185185185185 0.14285714285714285
0 0.825925925925926 0.9013605442176871 0.05185185185185185 0.14285714285714285
1 0.8870370370370371 0.9013605442176871 0.040740740740740744 0.14285714285714285