0 0.8975155279503105 0.7490974729241877 0.13664596273291926 0.05415162454873646
0 0.8975155279503105 0.8086642599277978 0.14285714285714285 0.05415162454873646
0 0.8975155279503105 0.631768953068592 0.14285714285714285 0.05415162454873646
0 0.9037267080745341 0.17870036101083034 0.14285714285714285 0.05415162454873646
4 0.9130434782608695 0.12093862815884476 0.13043478260869565 0.05776173285198556
4 0.8913043478260869 0.9296028880866426 0.14906832298136646 0.061371841155234655
2 0.9021739130434783 0.41335740072202165 0.14596273291925466 0.05776173285198556
3 0.9006211180124224 0.23826714801444043 0.14285714285714285 0.05415162454873646
2 0.8881987577639752 0.6895306859205776 0.13043478260869565 0.05776173285198556
3 0.8913043478260869 0.5740072202166066 0.13043478260869565 0.05415162454873646
9 0.9054658385093167 0.5149097472924188 0.14720496894409937 0.0631768953068592
1 0.9096894409937889 0.36194945848375454 0.1308695652173913 0.05314079422382672
6 0.9034782608695653 0.2949819494584837 0.14329192546583852 0.05628158844765343