8 0.3710691823899371 0.8345323741007195 0.059748427672955975 0.2014388489208633
2 0.8490566037735849 0.8273381294964028 0.04716981132075472 0.19424460431654678
0 0.24371069182389937 0.8345323741007195 0.05660377358490566 0.19424460431654678
0 0.18238993710691823 0.8345323741007195 0.05345911949685535 0.19424460431654678
9 0.30660377358490565 0.8345323741007195 0.05660377358490566 0.19424460431654678
4 0.5015723270440252 0.8381294964028777 0.05660377358490566 0.19424460431654678
1 0.6745283018867925 0.8309352517985612 0.04716981132075472 0.18705035971223022
0 0.6116352201257862 0.8273381294964028 0.05660377358490566 0.19424460431654678
6 0.43553459119496857 0.8345323741007195 0.05660377358490566 0.19424460431654678
1 0.7940251572327044 0.8273381294964028 0.0440251572327044 0.18705035971223022
6 0.7342767295597484 0.8309352517985612 0.05660377358490566 0.19424460431654678
3 0.9025157232704403 0.8201438848920863 0.050314465408805034 0.19424460431654678
4 0.05817610062893082 0.841726618705036 0.04716981132075472 0.2014388489208633