2 0.6477272727272727 0.8691275167785235 0.056818181818181816 0.15436241610738255
8 0.35795454545454547 0.8758389261744967 0.056818181818181816 0.1476510067114094
5 0.4810606060606061 0.8791946308724832 0.056818181818181816 0.15436241610738255
7 0.8731060606060606 0.8355704697986577 0.04924242424242424 0.15436241610738255
0 0.17992424242424243 0.8590604026845637 0.05303030303030303 0.1476510067114094
4 0.42045454545454547 0.8791946308724832 0.056818181818181816 0.1476510067114094
0 0.23863636363636365 0.8657718120805369 0.056818181818181816 0.1476510067114094
1 0.29924242424242425 0.87248322147651 0.045454545454545456 0.14093959731543623
1 0.7121212121212122 0.8624161073825504 0.04924242424242424 0.1476510067114094
0 0.8200757575757576 0.8456375838926175 0.05303030303030303 0.1476510067114094
5 0.5852272727272727 0.8716107382550335 0.056818181818181816 0.14590604026845636
4 0.07765151515151515 0.8456375838926175 0.04924242424242424 0.1476510067114094
1 0.7670454545454546 0.8557046979865772 0.041666666666666664 0.14093959731543623