3 0.6463414634146342 0.8559322033898306 0.0627177700348432 0.22033898305084745
6 0.289198606271777 0.8601694915254238 0.0627177700348432 0.2033898305084746
3 0.7770034843205574 0.8516949152542372 0.0627177700348432 0.22033898305084745
7 0.9076655052264808 0.8432203389830508 0.0627177700348432 0.2033898305084746
1 0.8414634146341463 0.847457627118644 0.04529616724738676 0.19491525423728814
5 0.710801393728223 0.8601694915254238 0.0627177700348432 0.211864406779661
6 0.4146341463414634 0.8601694915254238 0.059233449477351915 0.19491525423728814
4 0.06097560975609756 0.8559322033898306 0.059233449477351915 0.19491525423728814
6 0.5836236933797909 0.8559322033898306 0.059233449477351915 0.2033898305084746
0 0.16202090592334495 0.8601694915254238 0.059233449477351915 0.19491525423728814
0 0.47909407665505227 0.8559322033898306 0.0627177700348432 0.19491525423728814
1 0.3519163763066202 0.8601694915254238 0.04529616724738676 0.19491525423728814
0 0.22473867595818817 0.8601694915254238 0.059233449477351915 0.2033898305084746