2 0.6129707112970711 0.8871951219512195 0.0502092050209205 0.0975609756097561
8 0.3472803347280335 0.8902439024390244 0.04602510460251046 0.0975609756097561
0 0.8347280334728033 0.8810975609756098 0.04602510460251046 0.0975609756097561
0 0.7259414225941423 0.8841463414634146 0.0502092050209205 0.0975609756097561
0 0.17364016736401675 0.8902439024390244 0.04602510460251046 0.0975609756097561
0 0.7803347280334728 0.8841463414634146 0.04602510460251046 0.0975609756097561
0 0.23221757322175732 0.8902439024390244 0.0502092050209205 0.0975609756097561
4 0.40376569037656906 0.8902439024390244 0.04602510460251046 0.0975609756097561
1 0.2928870292887029 0.8902439024390244 0.04184100418410042 0.0975609756097561
4 0.0794979079497908 0.8932926829268293 0.04602510460251046 0.0975609756097561
5 0.5564853556485355 0.8871951219512195 0.04602510460251046 0.0975609756097561
5 0.4602510460251046 0.8902439024390244 0.04602510460251046 0.0975609756097561
7 0.6694560669456067 0.8841463414634146 0.04602510460251046 0.0975609756097561