4 0.06392045454545454 0.75 0.048295454545454544 0.21929824561403508
2 0.6321022727272727 0.7894736842105263 0.045454545454545456 0.22807017543859648
2 0.6946022727272727 0.793859649122807 0.045454545454545456 0.22807017543859648
0 0.16335227272727273 0.7587719298245614 0.048295454545454544 0.22807017543859648
3 0.5696022727272727 0.7894736842105263 0.045454545454545456 0.22807017543859648
0 0.4119318181818182 0.7719298245614035 0.048295454545454544 0.22807017543859648
3 0.875 0.8114035087719298 0.048295454545454544 0.22807017543859648
1 0.22301136363636365 0.7631578947368421 0.03977272727272727 0.21929824561403508
3 0.34801136363636365 0.7763157894736842 0.045454545454545456 0.22807017543859648
7 0.4744318181818182 0.7807017543859649 0.048295454545454544 0.22807017543859648
3 0.28551136363636365 0.7675438596491229 0.045454545454545456 0.22807017543859648
7 0.8181818181818182 0.8026315789473685 0.045454545454545456 0.22807017543859648
5 0.7556818181818182 0.7982456140350878 0.048295454545454544 0.22807017543859648