2 0.5679012345679012 0.8917910447761194 0.053497942386831275 0.14925373134328357
9 0.8621399176954733 0.8694029850746269 0.04526748971193416 0.1417910447761194
4 0.06378600823045268 0.8507462686567164 0.0411522633744856 0.1417910447761194
0 0.4012345679012346 0.8843283582089553 0.04938271604938271 0.1417910447761194
0 0.46296296296296297 0.8880597014925373 0.04938271604938271 0.1417910447761194
2 0.808641975308642 0.8805970149253731 0.04526748971193416 0.14925373134328357
0 0.16872427983539096 0.8619402985074627 0.04526748971193416 0.1417910447761194
8 0.3395061728395062 0.8843283582089553 0.04938271604938271 0.1417910447761194
0 0.7510288065843621 0.8805970149253731 0.04938271604938271 0.1417910447761194
1 0.2839506172839506 0.8805970149253731 0.04526748971193416 0.1417910447761194
0 0.6296296296296297 0.8880597014925373 0.04938271604938271 0.1417910447761194
1 0.22633744855967078 0.8768656716417911 0.0411522633744856 0.1417910447761194
1 0.6934156378600823 0.8880597014925373 0.04526748971193416 0.1417910447761194