2 0.31194690265486724 0.8663793103448276 0.05309734513274336 0.1724137931034483
6 0.7190265486725663 0.8577586206896551 0.05752212389380531 0.1724137931034483
5 0.37168141592920356 0.8620689655172413 0.05309734513274336 0.1724137931034483
5 0.4911504424778761 0.8577586206896551 0.05309734513274336 0.1724137931034483
9 0.7787610619469026 0.853448275862069 0.05309734513274336 0.16379310344827586
4 0.059734513274336286 0.8663793103448276 0.05309734513274336 0.16379310344827586
0 0.5995575221238938 0.853448275862069 0.05309734513274336 0.16379310344827586
0 0.1902654867256637 0.8620689655172413 0.05309734513274336 0.16379310344827586
0 0.252212389380531 0.8620689655172413 0.05752212389380531 0.16379310344827586
0 0.8407079646017699 0.8491379310344828 0.05309734513274336 0.16379310344827586
7 0.6570796460176991 0.853448275862069 0.05309734513274336 0.1724137931034483
7 0.4314159292035398 0.8620689655172413 0.05752212389380531 0.1724137931034483
5 0.9004424778761062 0.853448275862069 0.05309734513274336 0.1724137931034483