2 0.17551020408163265 0.9331395348837209 0.04897959183673469 0.11046511627906977
8 0.6346938775510204 0.9331395348837209 0.04897959183673469 0.11046511627906977
2 0.3551020408163265 0.9331395348837209 0.04897959183673469 0.11046511627906977
3 0.05510204081632653 0.9302325581395349 0.053061224489795916 0.11627906976744186
2 0.23673469387755103 0.9331395348837209 0.04897959183673469 0.11046511627906977
2 0.29591836734693877 0.9331395348837209 0.04897959183673469 0.11046511627906977
6 0.753061224489796 0.936046511627907 0.04897959183673469 0.10465116279069768
0 0.47346938775510206 0.9302325581395349 0.04897959183673469 0.11046511627906977
4 0.810204081632653 0.936046511627907 0.04897959183673469 0.10465116279069768
4 0.8693877551020408 0.936046511627907 0.044897959183673466 0.10465116279069768
9 0.6938775510204082 0.936046511627907 0.04897959183673469 0.11046511627906977
7 0.4142857142857143 0.9331395348837209 0.04897959183673469 0.11627906976744186
1 0.5775510204081633 0.936046511627907 0.04081632653061224 0.10465116279069768