0 0.4845679012345679 0.8928571428571429 0.05555555555555555 0.10504201680672269
8 0.08179012345679013 0.9012605042016807 0.05864197530864197 0.1134453781512605
0 0.6373456790123457 0.8886554621848739 0.05246913580246913 0.10504201680672269
2 0.42746913580246915 0.8907563025210085 0.04938271604938271 0.1092436974789916
0 0.5771604938271605 0.8907563025210085 0.05246913580246913 0.10504201680672269
0 0.25771604938271603 0.8970588235294118 0.05864197530864197 0.1134453781512605
1 0.3194444444444444 0.8928571428571429 0.040123456790123455 0.09663865546218488
3 0.8024691358024691 0.8865546218487395 0.04938271604938271 0.1134453781512605
7 0.6929012345679012 0.884453781512605 0.046296296296296294 0.10504201680672269
4 0.36882716049382713 0.8907563025210085 0.046296296296296294 0.09663865546218488
0 0.19444444444444445 0.8991596638655462 0.05555555555555555 0.1092436974789916
2 0.8595679012345679 0.8865546218487395 0.04938271604938271 0.1092436974789916
4 0.7438271604938271 0.8823529411764706 0.04938271604938271 0.09663865546218488