6 0.7491408934707904 0.9240196078431373 0.048109965635738834 0.10294117647058823
0 0.29896907216494845 0.9215686274509803 0.048109965635738834 0.10294117647058823
0 0.6907216494845361 0.9240196078431373 0.048109965635738834 0.10294117647058823
0 0.4742268041237113 0.9215686274509803 0.048109965635738834 0.10294117647058823
0 0.18041237113402062 0.9240196078431373 0.048109965635738834 0.10294117647058823
8 0.8075601374570447 0.9264705882352942 0.048109965635738834 0.10294117647058823
0 0.23883161512027493 0.9240196078431373 0.048109965635738834 0.10294117647058823
0 0.41580756013745707 0.9215686274509803 0.048109965635738834 0.10294117647058823
1 0.5773195876288659 0.9240196078431373 0.041237113402061855 0.10294117647058823
4 0.35738831615120276 0.9215686274509803 0.048109965635738834 0.10294117647058823
4 0.06013745704467354 0.9264705882352942 0.048109965635738834 0.10294117647058823
3 0.6323024054982818 0.9215686274509803 0.05154639175257732 0.10784313725490197
6 0.865979381443299 0.9264705882352942 0.048109965635738834 0.10294117647058823