6 0.6550925925925926 0.9236111111111112 0.06018518518518518 0.1111111111111111
2 0.7800925925925926 0.9236111111111112 0.05555555555555555 0.1111111111111111
0 0.5925925925925926 0.9236111111111112 0.05555555555555555 0.1111111111111111
0 0.17824074074074073 0.9305555555555556 0.05555555555555555 0.11805555555555555
0 0.24074074074074073 0.9305555555555556 0.05555555555555555 0.11805555555555555
6 0.9004629629629629 0.9201388888888888 0.05555555555555555 0.09722222222222222
0 0.42592592592592593 0.9270833333333334 0.05555555555555555 0.1111111111111111
1 0.8402777777777778 0.9201388888888888 0.041666666666666664 0.09722222222222222
4 0.05555555555555555 0.9305555555555556 0.06018518518518518 0.11805555555555555
8 0.36574074074074076 0.9270833333333334 0.05555555555555555 0.1111111111111111
9 0.30324074074074076 0.9305555555555556 0.05555555555555555 0.11805555555555555
3 0.48842592592592593 0.9270833333333334 0.05555555555555555 0.11805555555555555
7 0.7175925925925926 0.9236111111111112 0.06018518518518518 0.1111111111111111