8 0.2742616033755274 0.8911764705882353 0.04219409282700422 0.1
0 0.7109704641350211 0.9117647058823529 0.046413502109704644 0.10588235294117647
0 0.7658227848101266 0.9117647058823529 0.046413502109704644 0.10588235294117647
6 0.3291139240506329 0.8941176470588236 0.046413502109704644 0.1
9 0.820675105485232 0.9147058823529411 0.046413502109704644 0.1
0 0.22151898734177214 0.8823529411764706 0.046413502109704644 0.10588235294117647
6 0.540084388185654 0.9058823529411765 0.05063291139240506 0.10588235294117647
0 0.16666666666666666 0.8794117647058823 0.04219409282700422 0.10588235294117647
1 0.6561181434599156 0.9117647058823529 0.046413502109704644 0.1
1 0.3881856540084388 0.8970588235294118 0.046413502109704644 0.10588235294117647
7 0.4430379746835443 0.9 0.05063291139240506 0.10588235294117647
4 0.06540084388185655 0.8705882352941177 0.0379746835443038 0.1
6 0.5970464135021097 0.9117647058823529 0.05063291139240506 0.10588235294117647