8 0.7389277389277389 0.8996655518394648 0.05128205128205128 0.10702341137123746
2 0.8554778554778555 0.8913043478260869 0.05128205128205128 0.11036789297658862
0 0.17365967365967366 0.9214046822742475 0.046620046620046623 0.10702341137123746
0 0.6177156177156177 0.9013377926421404 0.05128205128205128 0.10702341137123746
8 0.34265734265734266 0.9096989966555183 0.046620046620046623 0.11036789297658862
0 0.46153846153846156 0.9046822742474916 0.046620046620046623 0.11036789297658862
0 0.6783216783216783 0.8996655518394648 0.05128205128205128 0.10702341137123746
8 0.06060606060606061 0.9280936454849499 0.046620046620046623 0.11036789297658862
7 0.7983682983682984 0.8946488294314381 0.053613053613053616 0.11371237458193979
1 0.40792540792540793 0.9080267558528428 0.04195804195804196 0.10702341137123746
6 0.2878787878787879 0.9163879598662207 0.05128205128205128 0.11036789297658862
5 0.5582750582750583 0.9046822742474916 0.04895104895104895 0.10702341137123746
7 0.22727272727272727 0.9180602006688964 0.04895104895104895 0.11036789297658862