0 0.13636363636363635 0.2860169491525424 0.18181818181818182 0.05508474576271186
0 0.13636363636363635 0.2266949152542373 0.18181818181818182 0.05084745762711865
9 0.13636363636363635 0.4661016949152542 0.18181818181818182 0.05084745762711865
1 0.13636363636363635 0.625 0.18181818181818182 0.046610169491525424
1 0.13636363636363635 0.3495762711864407 0.18181818181818182 0.046610169491525424
4 0.13636363636363635 0.6800847457627118 0.18181818181818182 0.05084745762711865
9 0.13636363636363635 0.8495762711864406 0.18181818181818182 0.05084745762711865
4 0.13636363636363635 0.4067796610169492 0.18181818181818182 0.05508474576271186
9 0.13636363636363635 0.5254237288135594 0.18181818181818182 0.05508474576271186
4 0.13636363636363635 0.9046610169491526 0.18181818181818182 0.046610169491525424
6 0.13636363636363635 0.7923728813559322 0.18181818181818182 0.05084745762711865
3 0.13636363636363635 0.7372881355932204 0.18181818181818182 0.05508474576271186
4 0.13373737373737374 0.10292372881355932 0.21313131313131314 0.058177966101694914