2 0.7853982300884956 0.8988439306358381 0.05752212389380531 0.12716763005780346
1 0.8429203539823009 0.8988439306358381 0.03982300884955752 0.11560693641618497
0 0.17920353982300885 0.8959537572254336 0.05752212389380531 0.12138728323699421
4 0.07743362831858407 0.8959537572254336 0.05752212389380531 0.10404624277456648
0 0.6194690265486725 0.8988439306358381 0.05309734513274336 0.12138728323699421
0 0.5619469026548672 0.8988439306358381 0.05309734513274336 0.11560693641618497
4 0.2942477876106195 0.8901734104046243 0.05309734513274336 0.10982658959537572
0 0.23672566371681417 0.8959537572254336 0.05752212389380531 0.12138728323699421
3 0.4646017699115044 0.8988439306358381 0.05309734513274336 0.12716763005780346
5 0.40707964601769914 0.8959537572254336 0.05752212389380531 0.12716763005780346
3 0.6747787610619469 0.8988439306358381 0.05309734513274336 0.12716763005780346
3 0.35176991150442477 0.8959537572254336 0.05309734513274336 0.12138728323699421
7 0.7300884955752213 0.8959537572254336 0.05752212389380531 0.12138728323699421