2 0.6903765690376569 0.9233870967741935 0.05439330543933055 0.14516129032258066
4 0.03556485355648536 0.8991935483870968 0.0502092050209205 0.14516129032258066
0 0.5669456066945606 0.9153225806451613 0.0502092050209205 0.14516129032258066
0 0.2196652719665272 0.9032258064516129 0.05439330543933055 0.14516129032258066
0 0.6297071129707112 0.9193548387096774 0.05439330543933055 0.14516129032258066
0 0.1589958158995816 0.9032258064516129 0.0502092050209205 0.14516129032258066
0 0.46234309623430964 0.9112903225806451 0.0502092050209205 0.14516129032258066
0 0.2803347280334728 0.9032258064516129 0.05439330543933055 0.14516129032258066
0 0.40376569037656906 0.9112903225806451 0.05439330543933055 0.14516129032258066
4 0.8096234309623431 0.9233870967741935 0.0502092050209205 0.14516129032258066
4 0.34309623430962344 0.9112903225806451 0.0502092050209205 0.1532258064516129
5 0.8702928870292888 0.9274193548387096 0.0502092050209205 0.14516129032258066
9 0.7489539748953975 0.9233870967741935 0.05439330543933055 0.14516129032258066