0 0.26014760147601473 0.8960674157303371 0.05166051660516605 0.12359550561797752
0 0.5793357933579336 0.8904494382022472 0.055350553505535055 0.12921348314606743
0 0.2029520295202952 0.898876404494382 0.055350553505535055 0.12359550561797752
8 0.3173431734317343 0.8960674157303371 0.055350553505535055 0.12359550561797752
7 0.3726937269372694 0.8932584269662921 0.04797047970479705 0.12921348314606743
4 0.6346863468634686 0.8876404494382022 0.05166051660516605 0.12359550561797752
8 0.4261992619926199 0.8932584269662921 0.055350553505535055 0.12921348314606743
9 0.8007380073800738 0.8876404494382022 0.055350553505535055 0.12921348314606743
9 0.48523985239852396 0.8932584269662921 0.055350553505535055 0.12921348314606743
6 0.6918819188191881 0.8904494382022472 0.055350553505535055 0.1348314606741573
4 0.08487084870848709 0.898876404494382 0.05904059040590406 0.12359550561797752
8 0.8616236162361623 0.8960674157303371 0.04428044280442804 0.11797752808988764
5 0.7498523985239852 0.886179775280899 0.05361623616236162 0.13415730337078652