8 0.3691588785046729 0.7961165048543689 0.0529595015576324 0.23300970873786409
8 0.49221183800623053 0.7912621359223301 0.0529595015576324 0.22330097087378642
6 0.5965732087227414 0.7912621359223301 0.059190031152647975 0.23300970873786409
5 0.6573208722741433 0.7864077669902912 0.056074766355140186 0.23300970873786409
0 0.43146417445482865 0.7912621359223301 0.056074766355140186 0.23300970873786409
0 0.7180685358255452 0.7815533980582524 0.059190031152647975 0.24271844660194175
0 0.1838006230529595 0.7961165048543689 0.056074766355140186 0.23300970873786409
5 0.7772585669781932 0.7864077669902912 0.056074766355140186 0.23300970873786409
0 0.24610591900311526 0.7961165048543689 0.056074766355140186 0.23300970873786409
0 0.839563862928349 0.7766990291262136 0.06230529595015576 0.23300970873786409
4 0.056074766355140186 0.8106796116504854 0.059190031152647975 0.23300970873786409
5 0.308411214953271 0.7961165048543689 0.0529595015576324 0.23300970873786409
7 0.9018691588785047 0.7766990291262136 0.0529595015576324 0.22330097087378642