3 0.4838709677419355 0.9049586776859504 0.054838709677419356 0.10330578512396695
4 0.06290322580645161 0.9028925619834711 0.05806451612903226 0.10743801652892562
8 0.3064516129032258 0.9049586776859504 0.05806451612903226 0.10330578512396695
3 0.7548387096774194 0.9008264462809917 0.054838709677419356 0.10330578512396695
0 0.18548387096774194 0.9049586776859504 0.054838709677419356 0.10330578512396695
4 0.6387096774193548 0.9028925619834711 0.054838709677419356 0.09917355371900827
1 0.36451612903225805 0.9049586776859504 0.04516129032258064 0.09917355371900827
0 0.2467741935483871 0.9049586776859504 0.054838709677419356 0.10330578512396695
7 0.8693548387096774 0.8987603305785123 0.054838709677419356 0.10330578512396695
1 0.6983870967741935 0.9028925619834711 0.04516129032258064 0.09917355371900827
7 0.582258064516129 0.9028925619834711 0.05806451612903226 0.10743801652892562
5 0.4241935483870968 0.9049586776859504 0.054838709677419356 0.10330578512396695
5 0.8129032258064516 0.8987603305785123 0.05161290322580645 0.09917355371900827