2 0.35874439461883406 0.8863636363636364 0.04932735426008968 0.20454545454545456
0 0.17713004484304934 0.8977272727272727 0.04932735426008968 0.19318181818181818
4 0.6973094170403588 0.8636363636363636 0.04932735426008968 0.19318181818181818
0 0.23766816143497757 0.8920454545454546 0.04932735426008968 0.19318181818181818
5 0.874439461883408 0.8522727272727273 0.04484304932735426 0.19318181818181818
4 0.6390134529147982 0.8693181818181818 0.04932735426008968 0.19318181818181818
0 0.7556053811659192 0.8579545454545454 0.04932735426008968 0.19318181818181818
0 0.8161434977578476 0.8522727272727273 0.04932735426008968 0.19318181818181818
1 0.5829596412556054 0.8693181818181818 0.04035874439461883 0.19318181818181818
4 0.4170403587443946 0.8863636363636364 0.04932735426008968 0.19318181818181818
9 0.2982062780269058 0.8920454545454546 0.053811659192825115 0.20454545454545456
4 0.05605381165919283 0.9034090909090909 0.04932735426008968 0.19318181818181818
1 0.47757847533632286 0.8806818181818182 0.04035874439461883 0.19318181818181818