6 0.6806083650190115 0.9095744680851063 0.057034220532319393 0.11702127659574468
0 0.16159695817490494 0.9069148936170213 0.057034220532319393 0.11702127659574468
5 0.7395437262357415 0.9095744680851063 0.057034220532319393 0.12234042553191489
0 0.22433460076045628 0.9069148936170213 0.057034220532319393 0.11702127659574468
7 0.623574144486692 0.9069148936170213 0.057034220532319393 0.11702127659574468
9 0.344106463878327 0.9095744680851063 0.057034220532319393 0.11170212765957446
0 0.7984790874524715 0.9095744680851063 0.057034220532319393 0.11702127659574468
3 0.46387832699619774 0.9095744680851063 0.053231939163498096 0.12234042553191489
4 0.06273764258555133 0.9095744680851063 0.053231939163498096 0.11170212765957446
1 0.40304182509505704 0.9095744680851063 0.04182509505703422 0.11170212765957446
3 0.8593155893536122 0.9095744680851063 0.057034220532319393 0.1276595744680851
8 0.564638783269962 0.9095744680851063 0.057034220532319393 0.11702127659574468
8 0.28517110266159695 0.9095744680851063 0.053231939163498096 0.11702127659574468