2 0.768 0.855072463768116 0.05333333333333334 0.15458937198067632
3 0.404 0.8502415458937198 0.056 0.15942028985507245
8 0.05733333333333333 0.8478260869565217 0.050666666666666665 0.13526570048309178
2 0.8946666666666667 0.8526570048309179 0.050666666666666665 0.15458937198067632
7 0.468 0.8502415458937198 0.056 0.15458937198067632
0 0.15466666666666667 0.8478260869565217 0.050666666666666665 0.14009661835748793
4 0.2786666666666667 0.8502415458937198 0.050666666666666665 0.1497584541062802
0 0.21733333333333332 0.8478260869565217 0.050666666666666665 0.14492753623188406
5 0.34 0.8502415458937198 0.050666666666666665 0.1497584541062802
1 0.8346666666666667 0.855072463768116 0.048 0.1497584541062802
0 0.6386666666666667 0.8502415458937198 0.05333333333333334 0.1497584541062802
8 0.704 0.8526570048309179 0.050666666666666665 0.1497584541062802
6 0.576 0.8526570048309179 0.05333333333333334 0.1497584541062802