2 0.654891304347826 0.9040404040404041 0.04891304347826087 0.12121212121212122
6 0.31521739130434784 0.9040404040404041 0.04891304347826087 0.13131313131313133
3 0.907608695652174 0.898989898989899 0.04891304347826087 0.12121212121212122
8 0.0625 0.9040404040404041 0.043478260869565216 0.12121212121212122
8 0.37771739130434784 0.9040404040404041 0.043478260869565216 0.12121212121212122
0 0.44021739130434784 0.9040404040404041 0.04891304347826087 0.12121212121212122
5 0.717391304347826 0.9040404040404041 0.04891304347826087 0.12121212121212122
7 0.779891304347826 0.898989898989899 0.043478260869565216 0.12121212121212122
6 0.845108695652174 0.898989898989899 0.04891304347826087 0.12121212121212122
9 0.5027173913043478 0.9040404040404041 0.043478260869565216 0.12121212121212122
0 0.19021739130434784 0.9040404040404041 0.04891304347826087 0.12121212121212122
7 0.2554347826086957 0.9040404040404041 0.04891304347826087 0.13131313131313133
5 0.595108695652174 0.9040404040404041 0.04891304347826087 0.12121212121212122