6 0.8418803418803419 0.5357142857142857 0.1623931623931624 0.05357142857142857
8 0.8333333333333334 0.4357142857142857 0.1623931623931624 0.05
1 0.8418803418803419 0.5928571428571429 0.1623931623931624 0.04642857142857143
4 0.8205128205128205 0.20535714285714285 0.1623931623931624 0.05
0 0.8290598290598291 0.3196428571428571 0.1623931623931624 0.05
6 0.8162393162393162 0.14642857142857144 0.1623931623931624 0.05
4 0.8589743589743589 0.9267857142857143 0.1794871794871795 0.05714285714285714
0 0.8290598290598291 0.37857142857142856 0.1623931623931624 0.05
0 0.8547008547008547 0.7714285714285715 0.17094017094017094 0.05357142857142857
0 0.8461538461538461 0.7107142857142857 0.1623931623931624 0.05357142857142857
0 0.8547008547008547 0.8321428571428572 0.17094017094017094 0.05
0 0.8247863247863247 0.26071428571428573 0.1623931623931624 0.05357142857142857
5 0.8461538461538461 0.6535714285714286 0.17094017094017094 0.05357142857142857