2 0.6768707482993197 0.8825 0.04081632653061224 0.1
8 0.7380952380952381 0.88 0.04421768707482993 0.095
0 0.15816326530612246 0.8875 0.04421768707482993 0.095
4 0.061224489795918366 0.89 0.04421768707482993 0.1
0 0.7993197278911565 0.88 0.04421768707482993 0.095
0 0.2193877551020408 0.885 0.04421768707482993 0.095
1 0.5578231292517006 0.885 0.04081632653061224 0.1
3 0.6173469387755102 0.88 0.047619047619047616 0.105
5 0.4013605442176871 0.885 0.04421768707482993 0.1
4 0.46258503401360546 0.885 0.04421768707482993 0.1
5 0.3401360544217687 0.885 0.047619047619047616 0.1
1 0.858843537414966 0.8825 0.04081632653061224 0.1
7 0.28061224489795916 0.885 0.047619047619047616 0.1