8 0.45555555555555555 0.927461139896373 0.044444444444444446 0.10362694300518134
2 0.5537037037037037 0.9248704663212435 0.04814814814814815 0.10362694300518134
0 0.20185185185185187 0.927461139896373 0.04814814814814815 0.10880829015544041
0 0.1388888888888889 0.927461139896373 0.04814814814814815 0.10362694300518134
2 0.8074074074074075 0.9248704663212435 0.05185185185185185 0.10880829015544041
0 0.7462962962962963 0.9222797927461139 0.04814814814814815 0.10362694300518134
0 0.3925925925925926 0.9248704663212435 0.04814814814814815 0.10362694300518134
0 0.6185185185185185 0.9248704663212435 0.04814814814814815 0.10362694300518134
4 0.6833333333333333 0.9248704663212435 0.04814814814814815 0.09844559585492228
5 0.8722222222222222 0.9222797927461139 0.04814814814814815 0.10362694300518134
6 0.3314814814814815 0.927461139896373 0.04814814814814815 0.10362694300518134
1 0.26481481481481484 0.927461139896373 0.037037037037037035 0.10362694300518134
4 0.06111111111111111 0.9300518134715026 0.05185185185185185 0.09844559585492228