8 0.8600682593856656 0.8181818181818182 0.04436860068259386 0.10606060606060606
0 0.19283276450511946 0.8611111111111112 0.051194539249146756 0.1111111111111111
0 0.25426621160409557 0.8585858585858586 0.051194539249146756 0.1111111111111111
3 0.6467576791808873 0.8358585858585859 0.051194539249146756 0.1111111111111111
0 0.5887372013651877 0.8383838383838383 0.04778156996587031 0.1111111111111111
0 0.8088737201365188 0.8257575757575758 0.04778156996587031 0.1111111111111111
0 0.37542662116040953 0.851010101010101 0.051194539249146756 0.1111111111111111
7 0.7030716723549488 0.8333333333333334 0.04778156996587031 0.1111111111111111
9 0.31569965870307165 0.8560606060606061 0.051194539249146756 0.1111111111111111
5 0.7559726962457338 0.8308080808080808 0.04778156996587031 0.1111111111111111
4 0.06825938566552901 0.8686868686868687 0.05460750853242321 0.12121212121212122
1 0.49658703071672355 0.8484848484848485 0.04436860068259386 0.1111111111111111
7 0.4351535836177474 0.8484848484848485 0.051194539249146756 0.11616161616161616