2 0.7049418604651163 0.8304597701149425 0.04941860465116279 0.15517241379310345
2 0.2936046511627907 0.882183908045977 0.04941860465116279 0.14942528735632185
8 0.23401162790697674 0.8850574712643678 0.05232558139534884 0.14367816091954022
8 0.9040697674418605 0.8074712643678161 0.05232558139534884 0.14367816091954022
0 0.47093023255813954 0.8563218390804598 0.04941860465116279 0.14367816091954022
0 0.6409883720930233 0.8333333333333334 0.05232558139534884 0.14367816091954022
3 0.050872093023255814 0.9109195402298851 0.05813953488372093 0.14942528735632185
5 0.7674418604651163 0.8189655172413793 0.05232558139534884 0.15517241379310345
4 0.5784883720930233 0.8390804597701149 0.04941860465116279 0.14942528735632185
3 0.8357558139534884 0.8132183908045977 0.055232558139534885 0.15517241379310345
5 0.3502906976744186 0.8706896551724138 0.05232558139534884 0.15517241379310345
1 0.18313953488372092 0.8908045977011494 0.040697674418604654 0.14367816091954022
5 0.40988372093023256 0.8649425287356322 0.05232558139534884 0.15517241379310345