8 0.4700996677740864 0.8581081081081081 0.046511627906976744 0.1554054054054054
9 0.6877076411960132 0.8513513513513513 0.053156146179401995 0.14864864864864866
0 0.18438538205980065 0.8581081081081081 0.04983388704318937 0.1554054054054054
1 0.40863787375415284 0.8581081081081081 0.04318936877076412 0.14864864864864866
2 0.8588039867109635 0.847972972972973 0.046511627906976744 0.16216216216216217
6 0.8039867109634552 0.8513513513513513 0.053156146179401995 0.1554054054054054
0 0.2425249169435216 0.8547297297297297 0.04983388704318937 0.1554054054054054
0 0.7458471760797342 0.847972972972973 0.04983388704318937 0.14864864864864866
4 0.06312292358803986 0.8614864864864865 0.04983388704318937 0.1554054054054054
4 0.3554817275747508 0.8581081081081081 0.046511627906976744 0.1554054054054054
1 0.5714285714285714 0.8547297297297297 0.04318936877076412 0.14864864864864866
9 0.29900332225913623 0.8581081081081081 0.04983388704318937 0.14864864864864866
4 0.6312292358803987 0.8547297297297297 0.046511627906976744 0.14864864864864866