2 0.2907303370786517 0.8705357142857143 0.0449438202247191 0.10714285714285714
0 0.17837078651685392 0.8705357142857143 0.05056179775280899 0.10714285714285714
0 0.6039325842696629 0.875 0.05056179775280899 0.10267857142857142
1 0.6587078651685393 0.8772321428571429 0.042134831460674156 0.10267857142857142
1 0.7162921348314607 0.875 0.042134831460674156 0.10267857142857142
7 0.7724719101123596 0.875 0.05056179775280899 0.10714285714285714
0 0.2345505617977528 0.8705357142857143 0.05056179775280899 0.10714285714285714
5 0.827247191011236 0.8772321428571429 0.047752808988764044 0.10714285714285714
4 0.4592696629213483 0.8727678571428571 0.0449438202247191 0.10267857142857142
4 0.06179775280898876 0.8727678571428571 0.05056179775280899 0.10714285714285714
4 0.40308988764044945 0.8727678571428571 0.047752808988764044 0.10714285714285714
6 0.34831460674157305 0.8727678571428571 0.047752808988764044 0.10267857142857142
6 0.5491573033707865 0.875 0.047752808988764044 0.10267857142857142