2 0.6546052631578947 0.8854961832061069 0.05263157894736842 0.17557251908396945
2 0.5953947368421053 0.8893129770992366 0.049342105263157895 0.17557251908396945
3 0.5049342105263158 0.8931297709923665 0.049342105263157895 0.17557251908396945
2 0.712171052631579 0.8854961832061069 0.05263157894736842 0.17557251908396945
2 0.8305921052631579 0.8816793893129771 0.05263157894736842 0.17557251908396945
3 0.4457236842105263 0.8969465648854962 0.049342105263157895 0.17557251908396945
4 0.7713815789473685 0.8854961832061069 0.05263157894736842 0.16030534351145037
6 0.8898026315789473 0.8778625954198473 0.05263157894736842 0.17557251908396945
0 0.26973684210526316 0.9045801526717557 0.049342105263157895 0.17557251908396945
0 0.20888157894736842 0.9045801526717557 0.049342105263157895 0.17557251908396945
1 0.32730263157894735 0.9007633587786259 0.04276315789473684 0.16793893129770993
1 0.3848684210526316 0.8969465648854962 0.04276315789473684 0.17557251908396945
5 0.11661184210526317 0.900381679389313 0.05424342105263157 0.15748091603053435