8 0.3723404255319149 0.9067796610169492 0.0425531914893617 0.12429378531073447
2 0.6519756838905775 0.9067796610169492 0.04559270516717325 0.12994350282485875
8 0.0547112462006079 0.903954802259887 0.04559270516717325 0.12429378531073447
0 0.43465045592705165 0.9067796610169492 0.0425531914893617 0.12429378531073447
9 0.49848024316109424 0.9067796610169492 0.0425531914893617 0.12429378531073447
3 0.9057750759878419 0.9011299435028248 0.04559270516717325 0.12429378531073447
6 0.31155015197568386 0.9067796610169492 0.0486322188449848 0.12994350282485875
0 0.18541033434650456 0.9067796610169492 0.0425531914893617 0.12429378531073447
6 0.8434650455927052 0.903954802259887 0.04559270516717325 0.12429378531073447
5 0.7142857142857143 0.9067796610169492 0.0425531914893617 0.12429378531073447
7 0.24924012158054712 0.9067796610169492 0.04559270516717325 0.13559322033898305
7 0.7781155015197568 0.9067796610169492 0.04559270516717325 0.12994350282485875
5 0.5927051671732523 0.9067796610169492 0.0425531914893617 0.12429378531073447