2 0.8517786561264822 0.7663043478260869 0.05533596837944664 0.2391304347826087
6 0.7924901185770751 0.7717391304347826 0.05533596837944664 0.22826086956521738
4 0.4367588932806324 0.782608695652174 0.05533596837944664 0.21739130434782608
4 0.05731225296442688 0.782608695652174 0.05928853754940711 0.2391304347826087
0 0.18181818181818182 0.782608695652174 0.05533596837944664 0.22826086956521738
7 0.3102766798418972 0.7771739130434783 0.05928853754940711 0.2391304347826087
1 0.3774703557312253 0.782608695652174 0.04743083003952569 0.21739130434782608
0 0.24703557312252963 0.782608695652174 0.05928853754940711 0.22826086956521738
0 0.6047430830039525 0.7717391304347826 0.05533596837944664 0.22826086956521738
3 0.6679841897233202 0.7717391304347826 0.05533596837944664 0.22826086956521738
4 0.9110671936758893 0.75 0.04743083003952569 0.21739130434782608
1 0.5019762845849802 0.782608695652174 0.04743083003952569 0.21739130434782608
4 0.7292490118577075 0.7717391304347826 0.05928853754940711 0.22826086956521738