2 0.8297872340425532 0.8508771929824561 0.05531914893617021 0.16666666666666666
8 0.4808510638297872 0.8421052631578947 0.05531914893617021 0.16666666666666666
2 0.2957446808510638 0.8421052631578947 0.05531914893617021 0.16666666666666666
3 0.6468085106382979 0.8464912280701754 0.059574468085106386 0.16666666666666666
4 0.3574468085106383 0.8421052631578947 0.05106382978723404 0.16666666666666666
4 0.04680851063829787 0.8421052631578947 0.05531914893617021 0.16666666666666666
0 0.7085106382978723 0.8464912280701754 0.05531914893617021 0.16666666666666666
1 0.7723404255319148 0.8508771929824561 0.05106382978723404 0.15789473684210525
0 0.1723404255319149 0.8377192982456141 0.05531914893617021 0.16666666666666666
1 0.5872340425531914 0.8464912280701754 0.05106382978723404 0.15789473684210525
6 0.41914893617021276 0.8464912280701754 0.05531914893617021 0.16666666666666666
0 0.23404255319148937 0.8377192982456141 0.05531914893617021 0.16666666666666666
7 0.8914893617021277 0.8508771929824561 0.05531914893617021 0.16666666666666666