4 0.05228758169934641 0.9049586776859504 0.0457516339869281 0.15702479338842976
9 0.6748366013071896 0.8760330578512396 0.042483660130718956 0.1652892561983471
0 0.15196078431372548 0.8966942148760331 0.042483660130718956 0.17355371900826447
0 0.21241830065359477 0.8925619834710744 0.042483660130718956 0.17355371900826447
2 0.6143790849673203 0.8842975206611571 0.0392156862745098 0.1652892561983471
1 0.795751633986928 0.8801652892561983 0.03594771241830065 0.1652892561983471
3 0.4591503267973856 0.8925619834710744 0.0392156862745098 0.17355371900826447
5 0.7336601307189542 0.8842975206611571 0.042483660130718956 0.1652892561983471
3 0.39705882352941174 0.8925619834710744 0.042483660130718956 0.1652892561983471
1 0.272875816993464 0.8842975206611571 0.03594771241830065 0.17355371900826447
1 0.3366013071895425 0.8884297520661157 0.0392156862745098 0.1652892561983471
6 0.8562091503267973 0.8801652892561983 0.0392156862745098 0.15702479338842976
9 0.5555555555555556 0.8801652892561983 0.0392156862745098 0.1652892561983471