8 0.07260726072607261 0.8043478260869565 0.04950495049504951 0.14492753623188406
8 0.43234323432343236 0.8043478260869565 0.0429042904290429 0.13768115942028986
0 0.20132013201320131 0.8043478260869565 0.0462046204620462 0.13768115942028986
3 0.31518151815181517 0.8043478260869565 0.0462046204620462 0.14492753623188406
5 0.8085808580858086 0.8043478260869565 0.0429042904290429 0.13768115942028986
0 0.4900990099009901 0.8043478260869565 0.0429042904290429 0.14492753623188406
0 0.2590759075907591 0.8043478260869565 0.0462046204620462 0.14492753623188406
0 0.6947194719471947 0.8043478260869565 0.0462046204620462 0.13768115942028986
0 0.5808580858085809 0.8043478260869565 0.0462046204620462 0.13768115942028986
3 0.636963696369637 0.8043478260869565 0.0462046204620462 0.14492753623188406
3 0.7508250825082509 0.8043478260869565 0.0462046204620462 0.14492753623188406
9 0.37458745874587457 0.8043478260869565 0.0429042904290429 0.14492753623188406
9 0.8646864686468647 0.8007246376811594 0.0429042904290429 0.13768115942028986