4 0.26721311475409837 0.08031088082901554 0.04918032786885246 0.11398963730569948
4 0.15245901639344261 0.08031088082901554 0.05245901639344262 0.11398963730569948
4 0.5344262295081967 0.08290155440414508 0.04918032786885246 0.11398963730569948
0 0.819672131147541 0.08031088082901554 0.04918032786885246 0.11398963730569948
0 0.7622950819672131 0.08031088082901554 0.04918032786885246 0.11398963730569948
1 0.32131147540983607 0.08031088082901554 0.04590163934426229 0.10880829015544041
4 0.9344262295081968 0.07512953367875648 0.04918032786885246 0.10362694300518134
9 0.3819672131147541 0.08290155440414508 0.04918032786885246 0.11398963730569948
6 0.2098360655737705 0.08290155440414508 0.04918032786885246 0.11398963730569948
6 0.5934426229508196 0.08290155440414508 0.04918032786885246 0.10880829015544041
6 0.4377049180327869 0.08290155440414508 0.04918032786885246 0.11398963730569948
7 0.6508196721311476 0.08290155440414508 0.05245901639344262 0.10880829015544041
7 0.7065573770491803 0.08031088082901554 0.05573770491803279 0.11398963730569948