2 0.09375 0.6548507462686567 0.10096153846153846 0.05970149253731343
2 0.09615384615384616 0.5951492537313433 0.10096153846153846 0.05970149253731343
0 0.09375 0.7164179104477612 0.10096153846153846 0.05970149253731343
4 0.09134615384615384 0.7761194029850746 0.09615384615384616 0.055970149253731345
3 0.10336538461538461 0.4906716417910448 0.10096153846153846 0.05970149253731343
9 0.10625000000000001 0.4256343283582089 0.09975961538461539 0.04955223880597015
3 0.10932692307692307 0.3637313432835821 0.11048076923076923 0.05914179104477612
8 0.10879807692307691 0.3049253731343284 0.10033653846153846 0.05384328358208955
0 0.11783653846153846 0.24261194029850744 0.10485576923076922 0.05555970149253731
0 0.11442307692307693 0.1833955223880597 0.11163461538461537 0.05992537313432835
4 0.1166826923076923 0.056119402985074625 0.10711538461538463 0.06861940298507463
5 0.09408653846153846 0.8407835820895523 0.10711538461538463 0.062089552238805974
7 0.09379807692307693 0.8934328358208955 0.10201923076923076 0.06212686567164179