2 0.8428246013667426 0.9280936454849499 0.05011389521640091 0.10367892976588629
8 0.3223234624145786 0.8779264214046822 0.04555808656036447 0.11371237458193979
8 0.05125284738041002 0.8545150501672241 0.04555808656036447 0.10702341137123746
0 0.6605922551252847 0.9113712374581939 0.05011389521640091 0.11036789297658862
8 0.7209567198177677 0.9214046822742475 0.05011389521640091 0.11036789297658862
6 0.26765375854214124 0.8762541806020067 0.04783599088838269 0.11036789297658862
0 0.15945330296127563 0.862876254180602 0.04555808656036447 0.11036789297658862
0 0.6002277904328018 0.9046822742474916 0.05011389521640091 0.10702341137123746
0 0.4430523917995444 0.882943143812709 0.05011389521640091 0.11036789297658862
7 0.7835990888382688 0.9247491638795987 0.05239179954441914 0.11036789297658862
5 0.5421412300683371 0.8946488294314381 0.04555808656036447 0.10702341137123746
1 0.3895216400911162 0.882943143812709 0.0387243735763098 0.10702341137123746
7 0.21184510250569477 0.8695652173913043 0.04783599088838269 0.11036789297658862