2 0.35110294117647056 0.8626760563380281 0.051470588235294115 0.176056338028169
2 0.5790441176470589 0.8661971830985915 0.051470588235294115 0.176056338028169
1 0.2261029411764706 0.8626760563380281 0.04411764705882353 0.16901408450704225
0 0.1636029411764706 0.8591549295774648 0.04779411764705882 0.176056338028169
5 0.6378676470588235 0.8626760563380281 0.05514705882352941 0.176056338028169
0 0.4117647058823529 0.8626760563380281 0.04779411764705882 0.16901408450704225
1 0.7628676470588235 0.8556338028169014 0.04779411764705882 0.1619718309859155
0 0.4724264705882353 0.8626760563380281 0.04779411764705882 0.176056338028169
4 0.7003676470588235 0.8591549295774648 0.04779411764705882 0.16901408450704225
4 0.042279411764705885 0.8556338028169014 0.04779411764705882 0.16901408450704225
3 0.28860294117647056 0.8626760563380281 0.05514705882352941 0.176056338028169
7 0.8198529411764706 0.852112676056338 0.051470588235294115 0.176056338028169
9 0.8768382352941176 0.8485915492957746 0.04411764705882353 0.176056338028169