2 0.28595317725752506 0.8662420382165605 0.05016722408026756 0.14012738853503184
8 0.6923076923076923 0.8503184713375797 0.05016722408026756 0.1337579617834395
0 0.6304347826086957 0.8503184713375797 0.05016722408026756 0.12738853503184713
0 0.8712374581939799 0.8407643312101911 0.05016722408026756 0.1337579617834395
0 0.34615384615384615 0.8630573248407644 0.05016722408026756 0.1337579617834395
0 0.16220735785953178 0.8694267515923567 0.05016722408026756 0.12738853503184713
7 0.7525083612040134 0.8471337579617835 0.05351170568561873 0.14012738853503184
0 0.22408026755852842 0.8662420382165605 0.05016722408026756 0.1337579617834395
6 0.4080267558528428 0.8630573248407644 0.05016722408026756 0.1337579617834395
5 0.8110367892976589 0.8439490445859873 0.05016722408026756 0.1337579617834395
4 0.4682274247491639 0.8630573248407644 0.05016722408026756 0.1337579617834395
4 0.5719063545150501 0.856687898089172 0.05016722408026756 0.12738853503184713
4 0.06354515050167224 0.8757961783439491 0.05016722408026756 0.1337579617834395