0 0.16493055555555555 0.8849765258215962 0.04861111111111111 0.09859154929577464
0 0.22395833333333334 0.8849765258215962 0.04861111111111111 0.09859154929577464
3 0.6857638888888888 0.8967136150234741 0.04861111111111111 0.10328638497652583
8 0.2829861111111111 0.8873239436619719 0.04861111111111111 0.09859154929577464
8 0.8663194444444444 0.9014084507042254 0.052083333333333336 0.09859154929577464
0 0.5642361111111112 0.892018779342723 0.04861111111111111 0.09859154929577464
9 0.34375 0.8896713615023474 0.04861111111111111 0.09859154929577464
1 0.40625 0.892018779342723 0.041666666666666664 0.09859154929577464
3 0.6267361111111112 0.8943661971830986 0.04861111111111111 0.09859154929577464
1 0.8090277777777778 0.9014084507042254 0.04513888888888889 0.09859154929577464
4 0.7447916666666666 0.9014084507042254 0.052083333333333336 0.09859154929577464
3 0.4635416666666667 0.8896713615023474 0.04861111111111111 0.10328638497652583
4 0.06944444444444445 0.8826291079812206 0.04513888888888889 0.09859154929577464