3 0.6163366336633663 0.8914473684210527 0.054455445544554455 0.1118421052631579
2 0.06188118811881188 0.9078947368421053 0.054455445544554455 0.1118421052631579
0 0.39851485148514854 0.8947368421052632 0.04950495049504951 0.10526315789473684
0 0.8613861386138614 0.881578947368421 0.054455445544554455 0.10526315789473684
5 0.7995049504950495 0.8848684210526315 0.054455445544554455 0.1118421052631579
0 0.33910891089108913 0.8980263157894737 0.04950495049504951 0.10526315789473684
0 0.15594059405940594 0.9013157894736842 0.04950495049504951 0.1118421052631579
0 0.21782178217821782 0.9013157894736842 0.04950495049504951 0.10526315789473684
4 0.5544554455445545 0.8914473684210527 0.04950495049504951 0.09868421052631579
5 0.7376237623762376 0.8881578947368421 0.054455445544554455 0.1118421052631579
1 0.45792079207920794 0.8947368421052632 0.04455445544554455 0.09868421052631579
7 0.6757425742574258 0.8881578947368421 0.04950495049504951 0.1118421052631579
7 0.2747524752475248 0.8980263157894737 0.04950495049504951 0.1118421052631579