2 0.8376383763837638 0.904639175257732 0.04797047970479705 0.0979381443298969
2 0.07933579335793357 0.9020618556701031 0.04797047970479705 0.10309278350515463
2 0.6107011070110702 0.8994845360824743 0.04797047970479705 0.0979381443298969
1 0.5571955719557196 0.8994845360824743 0.04059040590405904 0.0979381443298969
0 0.17158671586715868 0.8969072164948454 0.04797047970479705 0.0979381443298969
7 0.6678966789667896 0.8994845360824743 0.04797047970479705 0.10309278350515463
0 0.3985239852398524 0.8994845360824743 0.04797047970479705 0.10309278350515463
0 0.22878228782287824 0.8969072164948454 0.04797047970479705 0.10309278350515463
2 0.45571955719557194 0.8994845360824743 0.04797047970479705 0.10309278350515463
7 0.7822878228782287 0.9020618556701031 0.04797047970479705 0.10309278350515463
0 0.3413284132841328 0.8994845360824743 0.04797047970479705 0.10309278350515463
6 0.7250922509225092 0.9020618556701031 0.04797047970479705 0.10309278350515463
7 0.2859778597785978 0.8969072164948454 0.04797047970479705 0.0979381443298969