2 0.8098591549295775 0.89568345323741 0.046948356807511735 0.12949640287769784
9 0.47417840375586856 0.9172661870503597 0.056338028169014086 0.1223021582733813
5 0.284037558685446 0.9064748201438849 0.051643192488262914 0.1366906474820144
0 0.34976525821596244 0.9100719424460432 0.056338028169014086 0.12949640287769784
0 0.22535211267605634 0.8992805755395683 0.056338028169014086 0.12949640287769784
0 0.5751173708920188 0.9136690647482014 0.056338028169014086 0.1223021582733813
0 0.6384976525821596 0.9136690647482014 0.056338028169014086 0.1223021582733813
0 0.4131455399061033 0.9136690647482014 0.056338028169014086 0.12949640287769784
0 0.16666666666666666 0.8884892086330936 0.051643192488262914 0.12949640287769784
1 0.7511737089201878 0.8992805755395683 0.046948356807511735 0.1223021582733813
4 0.6948356807511737 0.9100719424460432 0.046948356807511735 0.1223021582733813
3 0.8661971830985915 0.8848920863309353 0.051643192488262914 0.1366906474820144
4 0.051643192488262914 0.8597122302158273 0.046948356807511735 0.12949640287769784