5 0.41517857142857145 0.8131313131313131 0.05654761904761905 0.26262626262626265
4 0.47767857142857145 0.8080808080808081 0.05654761904761905 0.25252525252525254
2 0.6636904761904762 0.803030303030303 0.05654761904761905 0.2727272727272727
3 0.3541666666666667 0.8131313131313131 0.05952380952380952 0.2727272727272727
9 0.6011904761904762 0.803030303030303 0.05654761904761905 0.26262626262626265
6 0.5386904761904762 0.8080808080808081 0.05654761904761905 0.26262626262626265
4 0.7842261904761905 0.8080808080808081 0.05654761904761905 0.26262626262626265
0 0.7232142857142857 0.797979797979798 0.05654761904761905 0.26262626262626265
0 0.9002976190476191 0.8131313131313131 0.05654761904761905 0.26262626262626265
1 0.8391964285714286 0.8036363636363637 0.04419642857142857 0.2593939393939394
1 0.9627976190476191 0.8251515151515151 0.06285714285714286 0.24323232323232322