8 0.4583333333333333 0.9330543933054394 0.043209876543209874 0.09623430962343096
4 0.06172839506172839 0.9330543933054394 0.046296296296296294 0.09205020920502092
8 0.8070987654320988 0.9393305439330544 0.043209876543209874 0.09623430962343096
0 0.3966049382716049 0.9330543933054394 0.046296296296296294 0.09205020920502092
0 0.6188271604938271 0.9351464435146444 0.046296296296296294 0.09623430962343096
2 0.5570987654320988 0.9330543933054394 0.046296296296296294 0.09205020920502092
0 0.20679012345679013 0.9330543933054394 0.046296296296296294 0.09623430962343096
0 0.14351851851851852 0.9330543933054394 0.046296296296296294 0.09623430962343096
6 0.33487654320987653 0.9351464435146444 0.04938271604938271 0.09205020920502092
1 0.2700617283950617 0.9330543933054394 0.043209876543209874 0.09205020920502092
3 0.6805555555555556 0.9372384937238494 0.043209876543209874 0.09623430962343096
9 0.7438271604938271 0.9372384937238494 0.046296296296296294 0.09623430962343096
1 0.8703703703703703 0.9393305439330544 0.033950617283950615 0.09205020920502092