1 0.45 0.8 0.041379310344827586 0.2
0 0.656896551724138 0.8083333333333333 0.05172413793103448 0.20833333333333334
2 0.6 0.8041666666666667 0.05517241379310345 0.21666666666666667
2 0.8827586206896552 0.8125 0.04482758620689655 0.21666666666666667
8 0.8293103448275863 0.8041666666666667 0.04482758620689655 0.21666666666666667
8 0.503448275862069 0.8083333333333333 0.04827586206896552 0.2
0 0.7155172413793104 0.8083333333333333 0.04827586206896552 0.20833333333333334
0 0.3275862068965517 0.8166666666666667 0.05172413793103448 0.19166666666666668
0 0.2689655172413793 0.8119999999999999 0.04827586206896552 0.20091666666666666
3 0.3846896551724138 0.7991666666666667 0.0513448275862069 0.215
6 0.7724137931034483 0.8055833333333333 0.04482758620689655 0.21375
0 0.2102413793103448 0.8083333333333333 0.05841379310344828 0.19166666666666668
8 0.07241379310344828 0.7916666666666666 0.05517241379310345 0.225