4 0.8688888888888889 0.6533665835411472 0.12 0.04987531172069826
8 0.8933333333333333 0.1571072319201995 0.12444444444444444 0.04987531172069826
4 0.8577777777777778 0.9351620947630923 0.12 0.05236907730673317
0 0.8622222222222222 0.8216957605985037 0.12 0.04738154613466334
0 0.8711111111111111 0.5972568578553616 0.12 0.04987531172069826
1 0.8777777777777778 0.4463840399002494 0.12444444444444444 0.0399002493765586
0 0.8733333333333333 0.5399002493765586 0.12 0.04987531172069826
0 0.8666666666666667 0.7094763092269327 0.12 0.04987531172069826
0 0.8644444444444445 0.7655860349127181 0.12 0.04987531172069826
0 0.8777777777777778 0.3877805486284289 0.12444444444444444 0.04987531172069826
0 0.8866666666666667 0.2144638403990025 0.12444444444444444 0.04987531172069826
6 0.8844444444444445 0.2730673316708229 0.12444444444444444 0.05236907730673317
5 0.8868444444444444 0.3300249376558604 0.13604444444444444 0.05216957605985038