3 0.7588996763754046 0.7611940298507462 0.05177993527508091 0.20149253731343283
9 0.3333333333333333 0.7947761194029851 0.05825242718446602 0.1865671641791045
3 0.3964401294498382 0.7873134328358209 0.05177993527508091 0.20149253731343283
0 0.6941747572815534 0.7649253731343284 0.05825242718446602 0.1865671641791045
0 0.27184466019417475 0.8022388059701493 0.05501618122977346 0.19402985074626866
3 0.5711974110032363 0.7798507462686567 0.05177993527508091 0.20149253731343283
1 0.21197411003236247 0.8097014925373134 0.045307443365695796 0.1791044776119403
5 0.8851132686084142 0.753731343283582 0.05501618122977346 0.19402985074626866
4 0.04692556634304207 0.8283582089552238 0.042071197411003236 0.17164179104477612
6 0.8203883495145631 0.7611940298507462 0.05501618122977346 0.1865671641791045
7 0.45792880258899676 0.7798507462686567 0.05177993527508091 0.1865671641791045
7 0.15372168284789645 0.8171641791044776 0.04854368932038835 0.19402985074626866
4 0.6310679611650486 0.7649253731343284 0.04854368932038835 0.17164179104477612