8 0.3948220064724919 0.8467153284671532 0.05501618122977346 0.17518248175182483
2 0.45145631067961167 0.843065693430657 0.05177993527508091 0.18248175182481752
2 0.7216828478964401 0.8321167883211679 0.05501618122977346 0.18248175182481752
0 0.2783171521035599 0.8503649635036497 0.05501618122977346 0.17518248175182483
3 0.6634304207119741 0.8321167883211679 0.05825242718446602 0.18248175182481752
5 0.22168284789644013 0.8503649635036497 0.04854368932038835 0.17518248175182483
4 0.7783171521035599 0.8284671532846716 0.05501618122977346 0.18248175182481752
0 0.16666666666666666 0.8503649635036497 0.05177993527508091 0.17518248175182483
0 0.8349514563106796 0.8248175182481752 0.05501618122977346 0.17518248175182483
5 0.3365695792880259 0.8467153284671532 0.04854368932038835 0.18248175182481752
6 0.6067961165048543 0.8357664233576643 0.05825242718446602 0.18248175182481752
0 0.5485436893203883 0.8357664233576643 0.05177993527508091 0.17518248175182483
5 0.045307443365695796 0.8576642335766423 0.05177993527508091 0.17518248175182483