2 0.8987730061349694 0.23415492957746478 0.1411042944785276 0.0528169014084507
2 0.8773006134969326 0.4242957746478873 0.1411042944785276 0.0528169014084507
2 0.8496932515337423 0.704225352112676 0.13496932515337423 0.04929577464788732
0 0.8374233128834356 0.8204225352112676 0.13496932515337423 0.04929577464788732
3 0.8865030674846626 0.2975352112676056 0.1411042944785276 0.056338028169014086
3 0.9079754601226994 0.10035211267605634 0.1411042944785276 0.05985915492957746
9 0.8834355828220859 0.3626760563380282 0.1411042944785276 0.0528169014084507
0 0.901840490797546 0.16901408450704225 0.1411042944785276 0.05985915492957746
4 0.8282208588957055 0.9330985915492958 0.12883435582822086 0.045774647887323945
0 0.843558282208589 0.7623239436619719 0.13496932515337423 0.04929577464788732
7 0.8588957055214724 0.5862676056338029 0.13496932515337423 0.04929577464788732
9 0.8558282208588958 0.6461267605633803 0.13496932515337423 0.04929577464788732
1 0.8739877300613498 0.5292605633802817 0.13233128834355828 0.03390845070422536