0 0.8804347826086957 0.416988416988417 0.15942028985507245 0.05405405405405406
0 0.8731884057971014 0.7586872586872587 0.15942028985507245 0.05791505791505792
1 0.8804347826086957 0.30694980694980695 0.15217391304347827 0.04247104247104247
0 0.8768115942028986 0.8204633204633205 0.15942028985507245 0.05405405405405406
1 0.8731884057971014 0.527027027027027 0.15217391304347827 0.04247104247104247
1 0.8804347826086957 0.1891891891891892 0.15217391304347827 0.04247104247104247
4 0.8731884057971014 0.9420849420849421 0.15217391304347827 0.06177606177606178
4 0.8804347826086957 0.23938223938223938 0.15217391304347827 0.05791505791505792
3 0.8736231884057971 0.5791505791505791 0.15304347826086956 0.05405405405405406
1 0.8768115942028986 0.3667953667953668 0.15217391304347827 0.03861003861003861
3 0.8889130434782608 0.12455598455598454 0.16753623188405797 0.057451737451737456
4 0.8770289855072464 0.6367953667953669 0.15731884057971016 0.06274131274131274
6 0.8773913043478261 0.6953667953667954 0.165 0.0637065637065637