8 0.49710982658959535 0.8015267175572519 0.04335260115606936 0.20610687022900764
2 0.596820809248555 0.8015267175572519 0.046242774566473986 0.20610687022900764
0 0.203757225433526 0.7938931297709924 0.049132947976878616 0.20610687022900764
0 0.2615606936416185 0.7938931297709924 0.049132947976878616 0.20610687022900764
8 0.06358381502890173 0.7900763358778626 0.04335260115606936 0.21374045801526717
0 0.319364161849711 0.7938931297709924 0.049132947976878616 0.20610687022900764
1 0.4421965317919075 0.8015267175572519 0.03757225433526012 0.1984732824427481
0 0.6575144508670521 0.7977099236641222 0.049132947976878616 0.20610687022900764
0 0.7153179190751445 0.7977099236641222 0.049132947976878616 0.20610687022900764
2 0.888728323699422 0.8015267175572519 0.04335260115606936 0.20610687022900764
3 0.3786127167630058 0.7938931297709924 0.046242774566473986 0.21374045801526717
8 0.8323699421965318 0.8015267175572519 0.04335260115606936 0.20610687022900764
6 0.7716763005780347 0.8015267175572519 0.046242774566473986 0.20610687022900764