0 0.24311926605504589 0.9101796407185628 0.05504587155963303 0.10778443113772455
0 0.1811926605504587 0.9101796407185628 0.05963302752293578 0.10778443113772455
9 0.48623853211009177 0.9101796407185628 0.05963302752293578 0.10179640718562874
8 0.30504587155963303 0.9101796407185628 0.05963302752293578 0.10778443113772455
9 0.7706422018348624 0.9101796407185628 0.05963302752293578 0.10778443113772455
3 0.8922018348623854 0.9131736526946108 0.05963302752293578 0.10778443113772455
0 0.5894495412844036 0.9101796407185628 0.05963302752293578 0.10778443113772455
7 0.3646788990825688 0.907185628742515 0.05504587155963303 0.10179640718562874
4 0.052752293577981654 0.907185628742515 0.05963302752293578 0.10778443113772455
8 0.4243119266055046 0.9101796407185628 0.05963302752293578 0.10778443113772455
4 0.7087155963302753 0.9101796407185628 0.05045871559633028 0.10179640718562874
4 0.6513761467889908 0.9101796407185628 0.05504587155963303 0.10179640718562874
8 0.8302752293577982 0.9131736526946108 0.05504587155963303 0.10778443113772455