8 0.38427947598253276 0.9041095890410958 0.05240174672489083 0.1232876712328767
0 0.19868995633187772 0.9075342465753424 0.05240174672489083 0.1232876712328767
8 0.9213973799126638 0.8938356164383562 0.05240174672489083 0.1232876712328767
0 0.26200873362445415 0.9041095890410958 0.05240174672489083 0.1232876712328767
0 0.44759825327510916 0.9006849315068494 0.05240174672489083 0.1232876712328767
0 0.6746724890829694 0.8938356164383562 0.05240174672489083 0.1232876712328767
1 0.5087336244541485 0.9006849315068494 0.043668122270742356 0.1232876712328767
1 0.6179039301310044 0.9006849315068494 0.043668122270742356 0.1232876712328767
9 0.7358078602620087 0.8938356164383562 0.05240174672489083 0.1232876712328767
3 0.7991266375545851 0.8938356164383562 0.056768558951965066 0.13013698630136986
4 0.07205240174672489 0.910958904109589 0.05240174672489083 0.1232876712328767
7 0.3231441048034934 0.9075342465753424 0.05240174672489083 0.13013698630136986
5 0.8580786026200873 0.8938356164383562 0.05240174672489083 0.13013698630136986