4 0.04473684210526316 0.89 0.05789473684210526 0.14
8 0.29473684210526313 0.89 0.05263157894736842 0.15
3 0.7 0.89 0.05263157894736842 0.15
0 0.23421052631578948 0.89 0.05263157894736842 0.15
1 0.7605263157894737 0.89 0.04736842105263158 0.15
0 0.1736842105263158 0.89 0.05789473684210526 0.16
9 0.6394736842105263 0.89 0.05263157894736842 0.15
1 0.35526315789473684 0.89 0.042105263157894736 0.14
0 0.4763157894736842 0.89 0.05263157894736842 0.16
1 0.5763157894736842 0.89 0.042105263157894736 0.15
1 0.4131578947368421 0.89 0.042105263157894736 0.15
6 0.8236842105263158 0.89 0.05263157894736842 0.15
8 0.8853157894736843 0.8879 0.04978947368421053 0.15259999999999999