4 0.6076923076923076 0.1402439024390244 0.05128205128205128 0.15853658536585366
3 0.3435897435897436 0.15853658536585366 0.05128205128205128 0.17073170731707318
3 0.5512820512820513 0.14634146341463414 0.046153846153846156 0.15853658536585366
0 0.8307692307692308 0.12804878048780488 0.046153846153846156 0.17073170731707318
0 0.7743589743589744 0.12804878048780488 0.05128205128205128 0.17073170731707318
6 0.6615384615384615 0.13414634146341464 0.05128205128205128 0.15853658536585366
6 0.717948717948718 0.13414634146341464 0.05128205128205128 0.17073170731707318
4 0.9205128205128205 0.12195121951219512 0.046153846153846156 0.15853658536585366
6 0.17435897435897435 0.17073170731707318 0.05128205128205128 0.17073170731707318
1 0.23076923076923078 0.16463414634146342 0.041025641025641026 0.15853658536585366
6 0.4025641025641026 0.1524390243902439 0.05128205128205128 0.17073170731707318
1 0.45384615384615384 0.1524390243902439 0.041025641025641026 0.15853658536585366
7 0.28717948717948716 0.15853658536585366 0.05128205128205128 0.15853658536585366