2 0.321656050955414 0.8928571428571429 0.050955414012738856 0.125
0 0.20063694267515925 0.8928571428571429 0.050955414012738856 0.11607142857142858
4 0.06687898089171974 0.8928571428571429 0.050955414012738856 0.125
0 0.2611464968152866 0.8928571428571429 0.05732484076433121 0.11607142857142858
4 0.4394904458598726 0.8973214285714286 0.050955414012738856 0.11607142857142858
9 0.7038216560509554 0.8973214285714286 0.050955414012738856 0.11607142857142858
3 0.8757961783439491 0.8973214285714286 0.05732484076433121 0.125
0 0.5 0.8973214285714286 0.050955414012738856 0.125
1 0.589171974522293 0.8973214285714286 0.044585987261146494 0.11607142857142858
9 0.643312101910828 0.8973214285714286 0.050955414012738856 0.11607142857142858
9 0.3821656050955414 0.8973214285714286 0.05732484076433121 0.11607142857142858
6 0.7611464968152867 0.8973214285714286 0.050955414012738856 0.11607142857142858
7 0.8184713375796179 0.8928571428571429 0.050955414012738856 0.125