9 0.37557603686635943 0.8909090909090909 0.055299539170506916 0.16363636363636364
0 0.880184331797235 0.9 0.055299539170506916 0.16363636363636364
2 0.6497695852534562 0.8954545454545455 0.05069124423963134 0.15454545454545454
2 0.7073732718894009 0.8954545454545455 0.05069124423963134 0.15454545454545454
0 0.25806451612903225 0.8863636363636364 0.055299539170506916 0.17272727272727273
0 0.8225806451612904 0.9 0.05069124423963134 0.16363636363636364
0 0.19815668202764977 0.8818181818181818 0.055299539170506916 0.17272727272727273
0 0.5921658986175116 0.8909090909090909 0.055299539170506916 0.16363636363636364
1 0.7695852534562212 0.9 0.041474654377880185 0.14545454545454545
6 0.49078341013824883 0.8954545454545455 0.055299539170506916 0.15454545454545454
1 0.32027649769585254 0.8863636363636364 0.041474654377880185 0.15454545454545454
4 0.07834101382488479 0.8772727272727273 0.055299539170506916 0.17272727272727273
3 0.43317972350230416 0.8909090909090909 0.05069124423963134 0.16363636363636364