8 0.47335423197492166 0.8153846153846154 0.047021943573667714 0.18461538461538463
6 0.30407523510971785 0.8192307692307692 0.050156739811912224 0.18461538461538463
0 0.18808777429467086 0.8076923076923077 0.050156739811912224 0.18461538461538463
0 0.4169278996865204 0.8115384615384615 0.050156739811912224 0.18461538461538463
0 0.24608150470219436 0.8115384615384615 0.050156739811912224 0.18461538461538463
5 0.3605015673981191 0.8153846153846154 0.047021943573667714 0.19230769230769232
4 0.061128526645768025 0.8115384615384615 0.050156739811912224 0.18461538461538463
1 0.6739811912225705 0.8461538461538461 0.047021943573667714 0.23846153846153847
3 0.841692789968652 0.8153846153846154 0.050156739811912224 0.18461538461538463
4 0.7852664576802508 0.8461538461538461 0.05956112852664577 0.23846153846153847
2 0.6191222570532915 0.85 0.06269592476489028 0.24615384615384617
1 0.5579937304075235 0.8432307692307692 0.047021943573667714 0.2326153846153846
2 0.725705329153605 0.8471538461538461 0.05642633228840126 0.24415384615384614