3 0.04565217391304348 0.9180327868852459 0.05652173913043478 0.14754098360655737
8 0.6782608695652174 0.8975409836065574 0.05217391304347826 0.14754098360655737
5 0.4043478260869565 0.9016393442622951 0.05217391304347826 0.1557377049180328
5 0.7913043478260869 0.8934426229508197 0.05217391304347826 0.1557377049180328
1 0.17173913043478262 0.9139344262295082 0.043478260869565216 0.14754098360655737
6 0.23043478260869565 0.9139344262295082 0.05217391304347826 0.1557377049180328
9 0.3456521739130435 0.9098360655737705 0.05217391304347826 0.14754098360655737
0 0.6195652173913043 0.8975409836065574 0.05217391304347826 0.14754098360655737
1 0.7347826086956522 0.8975409836065574 0.0391304347826087 0.14754098360655737
5 0.28695652173913044 0.9098360655737705 0.05217391304347826 0.1557377049180328
0 0.85 0.8934426229508197 0.05217391304347826 0.1557377049180328
0 0.46304347826086956 0.9016393442622951 0.05217391304347826 0.14754098360655737
3 0.5608695652173913 0.8975409836065574 0.05652173913043478 0.1557377049180328